        0.00000000    1.00000000E+00
        0.03019817   -3.88890584E-01
        0.06039633   -1.68234777E-01
        0.09059450    2.03155919E-01
        0.12079267    3.04862968E-01
        0.15099083    1.66441618E-01
        0.18118900   -5.35211288E-02
        0.21138716   -2.18229744E-01
        0.24158533   -2.62742623E-01
        0.27178350   -1.90812517E-01
        0.30198166   -4.94141399E-02
        0.33217983    1.00459397E-01
        0.36237800    2.06964874E-01
        0.39257616    2.40775111E-01
        0.42277433    1.98669362E-01
        0.45297250    9.94882093E-02
        0.48317066   -2.45222033E-02
        0.51336883   -1.37918047E-01
        0.54356699   -2.11264231E-01
        0.57376516   -2.27578469E-01
        0.60396333   -1.85136902E-01
        0.63416149   -9.65973101E-02
        0.66435966    1.49246908E-02
        0.69455783    1.21724442E-01
        0.72475599    1.97991804E-01
        0.75495416    2.25585938E-01
        0.78515232    1.97991804E-01
        0.81535049    1.21724442E-01
        0.84554866    1.49246908E-02
        0.87574682   -9.65973101E-02
        0.90594499   -1.85136902E-01
        0.93614316   -2.27578469E-01
        0.96634132   -2.11264231E-01
        0.99653949   -1.37918047E-01
        1.02673766   -2.45222033E-02
        1.05693582    9.94882093E-02
        1.08713399    1.98669362E-01
        1.11733215    2.40775111E-01
        1.14753032    2.06964874E-01
        1.17772849    1.00459397E-01
        1.20792665   -4.94141399E-02
        1.23812482   -1.90812517E-01
        1.26832299   -2.62742623E-01
        1.29852115   -2.18229744E-01
        1.32871932   -5.35211288E-02
        1.35891749    1.66441618E-01
        1.38911565    3.04862968E-01
        1.41931382    2.03155919E-01
        1.44951198   -1.68234777E-01
        1.47971015   -3.88890584E-01
        1.50990832    1.00000000E+00
