    0.00000000E+00    3.03030303E-03    1.33592212E-03    1.69438091E-03
    3.01981663E-02    0.00000000E+00    1.95232508E-03   -1.95232508E-03
    6.03963327E-02    1.51515152E-03    2.73019548E-03   -1.21504396E-03
    9.05944990E-02    6.06060606E-03    3.66121934E-03    2.39938672E-03
    1.20792665E-01    9.09090909E-03    4.72040054E-03    4.37050855E-03
    1.50990832E-01    1.51515152E-03    5.86862724E-03   -4.35347572E-03
    1.81188998E-01    7.57575758E-03    7.05805989E-03    5.17697682E-04
    2.11387164E-01    1.21212121E-02    8.23896597E-03    3.88224615E-03
    2.41585331E-01    4.54545455E-03    9.36636629E-03   -4.82091175E-03
    2.71783497E-01    1.36363636E-02    1.04051463E-02    3.23121736E-03
    3.01981663E-01    1.51515152E-02    1.13329122E-02    3.81860297E-03
    3.32179830E-01    1.36363636E-02    1.21405509E-02    1.49581274E-03
    3.62377996E-01    1.96969697E-02    1.28309585E-02    6.86601122E-03
    3.92576162E-01    4.54545455E-03    1.34166436E-02   -8.87118902E-03
    4.22774329E-01    9.09090909E-03    1.39169106E-02   -4.82600148E-03
    4.52972495E-01    1.51515152E-02    1.43551721E-02    7.96343014E-04
    4.83170661E-01    1.96969697E-02    1.47567278E-02    4.94024195E-03
    5.13368828E-01    1.96969697E-02    1.51471472E-02    4.54982253E-03
    5.43566994E-01    1.06060606E-02    1.55512504E-02   -4.94518983E-03
    5.73765160E-01    6.06060606E-03    1.59925881E-02   -9.93198205E-03
    6.03963327E-01    1.51515152E-02    1.64932856E-02   -1.34177041E-03
    6.34161493E-01    1.21212121E-02    1.70741079E-02   -4.95289581E-03
    6.64359660E-01    2.87878788E-02    1.77546113E-02    1.10332674E-02
    6.94557826E-01    2.12121212E-02    1.85532588E-02    2.65886237E-03
    7.24755992E-01    2.42424242E-02    1.94873894E-02    4.75503482E-03
    7.54954159E-01    1.81818182E-02    2.05729319E-02   -2.39111367E-03
    7.85152325E-01    2.12121212E-02    2.18237521E-02   -6.11630883E-04
    8.15350491E-01    3.33333333E-02    2.32505171E-02    1.00828162E-02
    8.45548658E-01    3.33333333E-02    2.48589561E-02    8.47437719E-03
    8.75746824E-01    3.93939394E-02    2.66474145E-02    1.27465249E-02
    9.05944990E-01    1.96969697E-02    2.86036376E-02   -8.90666786E-03
    9.36143157E-01    2.27272727E-02    3.07008200E-02   -7.97354731E-03
    9.66341323E-01    4.69696970E-02    3.28931242E-02    1.40765728E-02
    9.96539489E-01    1.66666667E-02    3.51111338E-02   -1.84444671E-02
    1.02673766E+00    2.42424242E-02    3.72580708E-02   -1.30156466E-02
    1.05693582E+00    5.90909091E-02    3.92080215E-02    1.98828876E-02
    1.08713399E+00    3.48484848E-02    4.08078093E-02   -5.95932444E-03
    1.11733215E+00    2.87878788E-02    4.18843356E-02   -1.30964569E-02
    1.14753032E+00    3.78787879E-02    4.22589340E-02   -4.38014613E-03
    1.17772849E+00    5.60606061E-02    4.17692774E-02    1.42913287E-02
    1.20792665E+00    3.48484848E-02    4.02974724E-02   -5.44898759E-03
    1.23812482E+00    4.69696970E-02    3.78003037E-02    9.16939327E-03
    1.26832299E+00    2.72727273E-02    3.43347999E-02   -7.06207260E-03
    1.29852115E+00    2.72727273E-02    3.00705716E-02   -2.79784435E-03
    1.32871932E+00    2.12121212E-02    2.52811725E-02   -4.06905129E-03
    1.35891749E+00    3.18181818E-02    2.03110503E-02    1.15071315E-02
    1.38911565E+00    1.06060606E-02    1.55220738E-02   -4.91601321E-03
    1.41931382E+00    6.06060606E-03    1.12317598E-02   -5.17115374E-03
    1.44951198E+00    4.54545455E-03    7.66038126E-03   -3.11492671E-03
    1.47971015E+00    1.51515152E-03    4.90276477E-03   -3.38761325E-03
    1.50990832E+00    1.51515152E-03    2.93226489E-03   -1.41711338E-03
