        0.00000000   -1.00000000E+00
        0.03019817   -9.60000000E-01
        0.06039633   -9.20000000E-01
        0.09059450   -8.80000000E-01
        0.12079267   -8.40000000E-01
        0.15099083   -8.00000000E-01
        0.18118900   -7.60000000E-01
        0.21138716   -7.20000000E-01
        0.24158533   -6.80000000E-01
        0.27178350   -6.40000000E-01
        0.30198166   -6.00000000E-01
        0.33217983   -5.60000000E-01
        0.36237800   -5.20000000E-01
        0.39257616   -4.80000000E-01
        0.42277433   -4.40000000E-01
        0.45297250   -4.00000000E-01
        0.48317066   -3.60000000E-01
        0.51336883   -3.20000000E-01
        0.54356699   -2.80000000E-01
        0.57376516   -2.40000000E-01
        0.60396333   -2.00000000E-01
        0.63416149   -1.60000000E-01
        0.66435966   -1.20000000E-01
        0.69455783   -8.00000000E-02
        0.72475599   -4.00000000E-02
        0.75495416   -1.11022302E-16
        0.78515232    4.00000000E-02
        0.81535049    8.00000000E-02
        0.84554866    1.20000000E-01
        0.87574682    1.60000000E-01
        0.90594499    2.00000000E-01
        0.93614316    2.40000000E-01
        0.96634132    2.80000000E-01
        0.99653949    3.20000000E-01
        1.02673766    3.60000000E-01
        1.05693582    4.00000000E-01
        1.08713399    4.40000000E-01
        1.11733215    4.80000000E-01
        1.14753032    5.20000000E-01
        1.17772849    5.60000000E-01
        1.20792665    6.00000000E-01
        1.23812482    6.40000000E-01
        1.26832299    6.80000000E-01
        1.29852115    7.20000000E-01
        1.32871932    7.60000000E-01
        1.35891749    8.00000000E-01
        1.38911565    8.40000000E-01
        1.41931382    8.80000000E-01
        1.44951198    9.20000000E-01
        1.47971015    9.60000000E-01
        1.50990832    1.00000000E+00
