    4.05978617E+00    5.36473158E-04
    4.06475599E+00    7.78305741E-04
    4.06972581E+00    1.13104870E-03
    4.07469563E+00    1.69233193E-03
    4.07966545E+00    2.55798698E-03
    4.08463527E+00    3.83279343E-03
    4.08960509E+00    5.61584570E-03
    4.09457491E+00    7.89718479E-03
    4.09954473E+00    1.07415391E-02
    4.10451455E+00    1.40368319E-02
    4.10948437E+00    1.76980678E-02
    4.11445419E+00    2.16966511E-02
    4.11942401E+00    2.59426524E-02
    4.12439383E+00    3.03335775E-02
    4.12936365E+00    3.47386820E-02
    4.13433347E+00    3.89619116E-02
    4.13930329E+00    4.28008665E-02
    4.14427311E+00    4.61462583E-02
    4.14924293E+00    4.88916184E-02
    4.15421275E+00    5.09744945E-02
    4.15918257E+00    5.23345594E-02
    4.16415239E+00    5.28720575E-02
    4.16912221E+00    5.25712206E-02
    4.17409203E+00    5.13925281E-02
    4.17906185E+00    4.92341687E-02
    4.18403167E+00    4.63164923E-02
    4.18900149E+00    4.28132004E-02
    4.19397131E+00    3.88623914E-02
    4.19894113E+00    3.48238074E-02
    4.20391095E+00    3.08331464E-02
    4.20888078E+00    2.68950385E-02
    4.21385060E+00    2.30949989E-02
    4.21882042E+00    1.93322535E-02
    4.22379024E+00    1.57793744E-02
    4.22876006E+00    1.26082349E-02
    4.23372988E+00    9.85835571E-03
    4.23869970E+00    7.61561318E-03
    4.24366952E+00    5.86063892E-03
    4.24863934E+00    4.47136584E-03
    4.25360916E+00    3.44486264E-03
    4.25857898E+00    2.72558504E-03
    4.26354880E+00    2.15974608E-03
    4.26851862E+00    1.69458503E-03
    4.27348844E+00    1.32097491E-03
    4.27845826E+00    1.02284711E-03
    4.28342808E+00    7.83052041E-04
    4.28839790E+00    6.15192531E-04
    4.29336772E+00    5.07926336E-04
    4.29833754E+00    4.39887935E-04
    4.30330736E+00    3.87187622E-04
    4.30827718E+00    3.23585232E-04
