        0.00000000   -1.00000000E+00
        0.03019817    3.44654211E-01
        0.06039633   -2.14475381E-01
        0.09059450   -2.44384661E-01
        0.12079267    6.47227188E-02
        0.15099083    2.53541084E-01
        0.18118900    1.84435136E-01
        0.21138716   -2.40579651E-02
        0.24158533   -1.94952071E-01
        0.27178350   -2.25316975E-01
        0.30198166   -1.19448088E-01
        0.33217983    4.56052913E-02
        0.36237800    1.77496510E-01
        0.39257616    2.15438169E-01
        0.42277433    1.50742175E-01
        0.45297250    2.08822681E-02
        0.48317066   -1.13531749E-01
        0.51336883   -1.96295097E-01
        0.54356699   -1.96849106E-01
        0.57376516   -1.18989444E-01
        0.60396333    3.86889269E-03
        0.63416149    1.23346086E-01
        0.66435966    1.94581015E-01
        0.69455783    1.92062717E-01
        0.72475599    1.17851211E-01
        0.75495416    3.48842049E-16
        0.78515232   -1.17851211E-01
        0.81535049   -1.92062717E-01
        0.84554866   -1.94581015E-01
        0.87574682   -1.23346086E-01
        0.90594499   -3.86889269E-03
        0.93614316    1.18989444E-01
        0.96634132    1.96849106E-01
        0.99653949    1.96295097E-01
        1.02673766    1.13531749E-01
        1.05693582   -2.08822681E-02
        1.08713399   -1.50742175E-01
        1.11733215   -2.15438169E-01
        1.14753032   -1.77496510E-01
        1.17772849   -4.56052913E-02
        1.20792665    1.19448088E-01
        1.23812482    2.25316975E-01
        1.26832299    1.94952071E-01
        1.29852115    2.40579651E-02
        1.32871932   -1.84435136E-01
        1.35891749   -2.53541084E-01
        1.38911565   -6.47227188E-02
        1.41931382    2.44384661E-01
        1.44951198    2.14475381E-01
        1.47971015   -3.44654211E-01
        1.50990832    1.00000000E+00
