    4.50503347E-01    3.96972680E-04
    4.67621726E-01    6.43981304E-04
    4.84740104E-01    1.01926987E-03
    5.01858483E-01    1.52308101E-03
    5.18976861E-01    2.20744825E-03
    5.36095239E-01    3.10116615E-03
    5.53213618E-01    4.27929976E-03
    5.70331996E-01    5.81790782E-03
    5.87450375E-01    7.77976289E-03
    6.04568753E-01    1.02647853E-02
    6.21687131E-01    1.33592210E-02
    6.38805510E-01    1.72026027E-02
    6.55923888E-01    2.18060150E-02
    6.73042267E-01    2.69505441E-02
    6.90160645E-01    3.24240083E-02
    7.07279023E-01    3.77482149E-02
    7.24397402E-01    4.27613524E-02
    7.41515780E-01    4.73555530E-02
    7.58634159E-01    5.13613159E-02
    7.75752537E-01    5.45284172E-02
    7.92870915E-01    5.66747499E-02
    8.09989294E-01    5.75579302E-02
    8.27107672E-01    5.72345733E-02
    8.44226050E-01    5.58861428E-02
    8.61344429E-01    5.35297862E-02
    8.78462807E-01    5.04281452E-02
    8.95581186E-01    4.66828970E-02
    9.12699564E-01    4.22883938E-02
    9.29817942E-01    3.75229256E-02
    9.46936321E-01    3.25020240E-02
    9.64054699E-01    2.74336433E-02
    9.81173078E-01    2.26650387E-02
    9.98291456E-01    1.84066235E-02
    1.01540983E+00    1.46200191E-02
    1.03252821E+00    1.15035673E-02
    1.04964659E+00    8.85081461E-03
    1.06676497E+00    6.69341314E-03
    1.08388335E+00    4.91763853E-03
    1.10100173E+00    3.49250672E-03
    1.11812010E+00    2.39753654E-03
    1.13523848E+00    1.64374150E-03
    1.15235686E+00    1.16556552E-03
    1.16947524E+00    8.53598367E-04
    1.18659362E+00    6.70458767E-04
    1.20371200E+00    5.45499090E-04
    1.22083038E+00    4.27534753E-04
    1.23794875E+00    3.16379943E-04
    1.25506713E+00    2.22601177E-04
    1.27218551E+00    1.45439491E-04
    1.28930389E+00    1.07317294E-04
    1.30642227E+00    8.25753406E-05
