        0.00000000   -1.00000000E+00
        0.03019817    1.42206421E-01
        0.06039633    4.08264219E-01
        0.09059450    2.73766270E-01
        0.12079267    2.43187409E-02
        0.15099083   -1.87855280E-01
        0.18118900   -2.99739810E-01
        0.21138716   -3.03853234E-01
        0.24158533   -2.23344102E-01
        0.27178350   -9.43014094E-02
        0.30198166    4.61030400E-02
        0.33217983    1.66860005E-01
        0.36237800    2.46822151E-01
        0.39257616    2.75779081E-01
        0.42277433    2.53694257E-01
        0.45297250    1.88763560E-01
        0.48317066    9.48378019E-02
        0.51336883   -1.13569138E-02
        0.54356699   -1.12866425E-01
        0.57376516   -1.94779136E-01
        0.60396333   -2.45957120E-01
        0.63416149   -2.60137064E-01
        0.66435966   -2.36373634E-01
        0.69455783   -1.78852056E-01
        0.72475599   -9.61418815E-02
        0.75495416   -2.73218947E-16
        0.78515232    9.61418815E-02
        0.81535049    1.78852056E-01
        0.84554866    2.36373634E-01
        0.87574682    2.60137064E-01
        0.90594499    2.45957120E-01
        0.93614316    1.94779136E-01
        0.96634132    1.12866425E-01
        0.99653949    1.13569138E-02
        1.02673766   -9.48378019E-02
        1.05693582   -1.88763560E-01
        1.08713399   -2.53694257E-01
        1.11733215   -2.75779081E-01
        1.14753032   -2.46822151E-01
        1.17772849   -1.66860005E-01
        1.20792665   -4.61030400E-02
        1.23812482    9.43014094E-02
        1.26832299    2.23344102E-01
        1.29852115    3.03853234E-01
        1.32871932    2.99739810E-01
        1.35891749    1.87855280E-01
        1.38911565   -2.43187409E-02
        1.41931382   -2.73766270E-01
        1.44951198   -4.08264219E-01
        1.47971015   -1.42206421E-01
        1.50990832    1.00000000E+00
