        0.00000000        0.00133592        0.00064473
        0.03019817        0.00195233        0.00075396
        0.06039633        0.00273020        0.00084268
        0.09059450        0.00366122        0.00090343
        0.12079267        0.00472040        0.00093651
        0.15099083        0.00586863        0.00095117
        0.18118900        0.00705806        0.00096301
        0.21138716        0.00823897        0.00098688
        0.24158533        0.00936637        0.00102894
        0.27178350        0.01040515        0.00108397
        0.30198166        0.01133291        0.00114001
        0.33217983        0.01214055        0.00118511
        0.36237800        0.01283096        0.00121148
        0.39257616        0.01341664        0.00121656
        0.42277433        0.01391691        0.00120224
        0.45297250        0.01435517        0.00117352
        0.48317066        0.01475673        0.00113716
        0.51336883        0.01514715        0.00110053
        0.54356699        0.01555125        0.00107052
        0.57376516        0.01599259        0.00105269
        0.60396333        0.01649329        0.00105055
        0.63416149        0.01707411        0.00106513
        0.66435966        0.01775461        0.00109514
        0.69455783        0.01855326        0.00113747
        0.72475599        0.01948739        0.00118800
        0.75495416        0.02057293        0.00124212
        0.78515232        0.02182375        0.00129521
        0.81535049        0.02325052        0.00134297
        0.84554866        0.02485896        0.00138178
        0.87574682        0.02664741        0.00140933
        0.90594499        0.02860364        0.00142566
        0.93614316        0.03070082        0.00143439
        0.96634132        0.03289312        0.00144407
        0.99653949        0.03511113        0.00146810
        1.02673766        0.03725807        0.00152152
        1.05693582        0.03920802        0.00161380
        1.08713399        0.04080781        0.00174104
        1.11733215        0.04188434        0.00188366
        1.14753032        0.04225893        0.00201143
        1.17772849        0.04176928        0.00209313
        1.20792665        0.04029747        0.00210749
        1.23812482        0.03780030        0.00205359
        1.26832299        0.03433480        0.00195662
        1.29852115        0.03007057        0.00186090
        1.32871932        0.02528117        0.00180253
        1.35891749        0.02031105        0.00177646
        1.38911565        0.01552207        0.00173684
        1.41931382        0.01123176        0.00163419
        1.44951198        0.00766038        0.00144806
        1.47971015        0.00490276        0.00119376
        1.50990832        0.00293226        0.00090991
