        0.00000000    1.00000000E+00
        0.03019817   -3.89601706E-01
        0.06039633    1.05617104E-01
        0.09059450    3.02355302E-01
        0.12079267    9.38788729E-02
        0.15099083   -1.69949320E-01
        0.18118900   -2.59540203E-01
        0.21138716   -1.55795089E-01
        0.24158533    3.53527113E-02
        0.27178350    1.89824320E-01
        0.30198166    2.33261666E-01
        0.33217983    1.60252726E-01
        0.36237800    1.82432434E-02
        0.39257616   -1.24377452E-01
        0.42277433   -2.09306847E-01
        0.45297250   -2.08200320E-01
        0.48317066   -1.27903922E-01
        0.51336883   -2.92486355E-03
        0.54356699    1.19805854E-01
        0.57376516    1.97837414E-01
        0.60396333    2.06511395E-01
        0.63416149    1.45341182E-01
        0.66435966    3.64885689E-02
        0.69455783   -8.34133537E-02
        0.72475599   -1.75228803E-01
        0.75495416   -2.09472656E-01
        0.78515232   -1.75228803E-01
        0.81535049   -8.34133537E-02
        0.84554866    3.64885689E-02
        0.87574682    1.45341182E-01
        0.90594499    2.06511395E-01
        0.93614316    1.97837414E-01
        0.96634132    1.19805854E-01
        0.99653949   -2.92486355E-03
        1.02673766   -1.27903922E-01
        1.05693582   -2.08200320E-01
        1.08713399   -2.09306847E-01
        1.11733215   -1.24377452E-01
        1.14753032    1.82432434E-02
        1.17772849    1.60252726E-01
        1.20792665    2.33261666E-01
        1.23812482    1.89824320E-01
        1.26832299    3.53527113E-02
        1.29852115   -1.55795089E-01
        1.32871932   -2.59540203E-01
        1.35891749   -1.69949320E-01
        1.38911565    9.38788729E-02
        1.41931382    3.02355302E-01
        1.44951198    1.05617104E-01
        1.47971015   -3.89601706E-01
        1.50990832    1.00000000E+00
