   -1.53490071E+00    1.85757804E-04
   -1.51044862E+00    2.70979545E-04
   -1.48599653E+00    3.85127917E-04
   -1.46154443E+00    5.45860162E-04
   -1.43709234E+00    7.54699290E-04
   -1.41264025E+00    1.01881443E-03
   -1.38818815E+00    1.35686985E-03
   -1.36373606E+00    1.79943275E-03
   -1.33928397E+00    2.41499497E-03
   -1.31483187E+00    3.27547895E-03
   -1.29037978E+00    4.49361660E-03
   -1.26592769E+00    6.15141852E-03
   -1.24147560E+00    8.32337177E-03
   -1.21702350E+00    1.10330566E-02
   -1.19257141E+00    1.42343333E-02
   -1.16811932E+00    1.78656916E-02
   -1.14366722E+00    2.18718742E-02
   -1.11921513E+00    2.61269569E-02
   -1.09476304E+00    3.06327025E-02
   -1.07031095E+00    3.51387483E-02
   -1.04585885E+00    3.96195285E-02
   -1.02140676E+00    4.38480970E-02
   -9.96954667E-01    4.76674956E-02
   -9.72502574E-01    5.07981755E-02
   -9.48050481E-01    5.29736498E-02
   -9.23598388E-01    5.40192639E-02
   -8.99146295E-01    5.40457122E-02
   -8.74694203E-01    5.32868312E-02
   -8.50242110E-01    5.18287339E-02
   -8.25790017E-01    4.96434681E-02
   -8.01337924E-01    4.68803114E-02
   -7.76885831E-01    4.33748083E-02
   -7.52433738E-01    3.94414406E-02
   -7.27981645E-01    3.50262644E-02
   -7.03529552E-01    3.04679085E-02
   -6.79077459E-01    2.59731725E-02
   -6.54625366E-01    2.16035421E-02
   -6.30173273E-01    1.75590007E-02
   -6.05721181E-01    1.39676032E-02
   -5.81269088E-01    1.08044570E-02
   -5.56816995E-01    8.18669983E-03
   -5.32364902E-01    6.04186310E-03
   -5.07912809E-01    4.44152596E-03
   -4.83460716E-01    3.24921558E-03
   -4.59008623E-01    2.36287847E-03
   -4.34556530E-01    1.69919341E-03
   -4.10104437E-01    1.20520595E-03
   -3.85652344E-01    8.44560892E-04
   -3.61200251E-01    5.81449992E-04
   -3.36748159E-01    4.08167487E-04
   -3.12296066E-01    2.69988878E-04
