        0.00000000    1.00000000E+00
        0.03019817    3.15055189E-01
        0.06039633   -1.07736068E-01
        0.09059450   -3.32168397E-01
        0.12079267   -4.11977069E-01
        0.15099083   -3.91796000E-01
        0.18118900   -3.08073181E-01
        0.21138716   -1.89943522E-01
        0.24158533   -6.00591196E-02
        0.27178350    6.46230454E-02
        0.30198166    1.72096000E-01
        0.33217983    2.54600241E-01
        0.36237800    3.07963777E-01
        0.39257616    3.30984750E-01
        0.42277433    3.24856631E-01
        0.45297250    2.92636000E-01
        0.48317066    2.38752895E-01
        0.51336883    1.68563748E-01
        0.54356699    8.79468913E-02
        0.57376516    2.94064922E-03
        0.60396333   -8.05760000E-02
        0.63416149   -1.57160179E-01
        0.66435966   -2.22039290E-01
        0.69455783   -2.71302615E-01
        0.72475599   -3.02050341E-01
        0.75495416   -3.12500000E-01
        0.78515232   -3.02050341E-01
        0.81535049   -2.71302615E-01
        0.84554866   -2.22039290E-01
        0.87574682   -1.57160179E-01
        0.90594499   -8.05760000E-02
        0.93614316    2.94064922E-03
        0.96634132    8.79468913E-02
        0.99653949    1.68563748E-01
        1.02673766    2.38752895E-01
        1.05693582    2.92636000E-01
        1.08713399    3.24856631E-01
        1.11733215    3.30984750E-01
        1.14753032    3.07963777E-01
        1.17772849    2.54600241E-01
        1.20792665    1.72096000E-01
        1.23812482    6.46230454E-02
        1.26832299   -6.00591196E-02
        1.29852115   -1.89943522E-01
        1.32871932   -3.08073181E-01
        1.35891749   -3.91796000E-01
        1.38911565   -4.11977069E-01
        1.41931382   -3.32168397E-01
        1.44951198   -1.07736068E-01
        1.47971015    3.15055189E-01
        1.50990832    1.00000000E+00
