        0.00000000    1.00000000E+00
        0.03019817    6.34891200E-01
        0.06039633    3.35219200E-01
        0.09059450    9.46672000E-02
        0.12079267   -9.28128000E-02
        0.15099083   -2.33000000E-01
        0.18118900   -3.31404800E-01
        0.21138716   -3.93268800E-01
        0.24158533   -4.23564800E-01
        0.27178350   -4.26996800E-01
        0.30198166   -4.08000000E-01
        0.33217983   -3.70740800E-01
        0.36237800   -3.19116800E-01
        0.39257616   -2.56756800E-01
        0.42277433   -1.87020800E-01
        0.45297250   -1.13000000E-01
        0.48317066   -3.75168000E-02
        0.51336883    3.68752000E-02
        0.54356699    1.07891200E-01
        0.57376516    1.73515200E-01
        0.60396333    2.32000000E-01
        0.63416149    2.81867200E-01
        0.66435966    3.21907200E-01
        0.69455783    3.51179200E-01
        0.72475599    3.69011200E-01
        0.75495416    3.75000000E-01
        0.78515232    3.69011200E-01
        0.81535049    3.51179200E-01
        0.84554866    3.21907200E-01
        0.87574682    2.81867200E-01
        0.90594499    2.32000000E-01
        0.93614316    1.73515200E-01
        0.96634132    1.07891200E-01
        0.99653949    3.68752000E-02
        1.02673766   -3.75168000E-02
        1.05693582   -1.13000000E-01
        1.08713399   -1.87020800E-01
        1.11733215   -2.56756800E-01
        1.14753032   -3.19116800E-01
        1.17772849   -3.70740800E-01
        1.20792665   -4.08000000E-01
        1.23812482   -4.26996800E-01
        1.26832299   -4.23564800E-01
        1.29852115   -3.93268800E-01
        1.32871932   -3.31404800E-01
        1.35891749   -2.33000000E-01
        1.38911565   -9.28128000E-02
        1.41931382    9.46672000E-02
        1.44951198    3.35219200E-01
        1.47971015    6.34891200E-01
        1.50990832    1.00000000E+00
