        0.00000000    1.00000000E+00
        0.03019817   -4.60131459E-03
        0.06039633   -3.73700115E-01
        0.09059450   -3.83038113E-01
        0.12079267   -2.22797435E-01
        0.15099083   -1.66553000E-02
        0.18118900    1.62102660E-01
        0.21138716    2.77124841E-01
        0.24158533    3.17919533E-01
        0.27178350    2.90905170E-01
        0.30198166    2.12339200E-01
        0.33217983    1.02893106E-01
        0.36237800   -1.63456185E-02
        0.39257616   -1.26650445E-01
        0.42277433   -2.13404354E-01
        0.45297250   -2.66999300E-01
        0.48317066   -2.83052628E-01
        0.51336883   -2.62093236E-01
        0.54356699   -2.08856953E-01
        0.57376516   -1.31317333E-01
        0.60396333   -3.95648000E-02
        0.63416149    5.53662554E-02
        0.66435966    1.42636046E-01
        0.69455783    2.12630584E-01
        0.72475599    2.57825716E-01
        0.75495416    2.73437500E-01
        0.78515232    2.57825716E-01
        0.81535049    2.12630584E-01
        0.84554866    1.42636046E-01
        0.87574682    5.53662554E-02
        0.90594499   -3.95648000E-02
        0.93614316   -1.31317333E-01
        0.96634132   -2.08856953E-01
        0.99653949   -2.62093236E-01
        1.02673766   -2.83052628E-01
        1.05693582   -2.66999300E-01
        1.08713399   -2.13404354E-01
        1.11733215   -1.26650445E-01
        1.14753032   -1.63456185E-02
        1.17772849    1.02893106E-01
        1.20792665    2.12339200E-01
        1.23812482    2.90905170E-01
        1.26832299    3.17919533E-01
        1.29852115    2.77124841E-01
        1.32871932    1.62102660E-01
        1.35891749   -1.66553000E-02
        1.38911565   -2.22797435E-01
        1.41931382   -3.83038113E-01
        1.44951198   -3.73700115E-01
        1.47971015   -4.60131459E-03
        1.50990832    1.00000000E+00
