        0.00000000   -1.00000000E+00
        0.03019817   -4.79619994E-01
        0.06039633   -1.01746995E-01
        0.09059450    1.56991155E-01
        0.12079267    3.17740954E-01
        0.15099083    3.99520000E-01
        0.18118900    4.19313766E-01
        0.21138716    3.92172365E-01
        0.24158533    3.31307315E-01
        0.27178350    2.48188314E-01
        0.30198166    1.52640000E-01
        0.33217983    5.29387264E-02
        0.36237800   -4.40906752E-02
        0.39257616   -1.32978125E-01
        0.42277433   -2.09511526E-01
        0.45297250   -2.70640000E-01
        0.48317066   -3.14377114E-01
        0.51336883   -3.39704115E-01
        0.54356699   -3.46473165E-01
        0.57376516   -3.35310566E-01
        0.60396333   -3.07520000E-01
        0.63416149   -2.64985754E-01
        0.66435966   -2.10075955E-01
        0.69455783   -1.45545805E-01
        0.72475599   -7.44408064E-02
        0.75495416   -2.08166817E-16
        0.78515232    7.44408064E-02
        0.81535049    1.45545805E-01
        0.84554866    2.10075955E-01
        0.87574682    2.64985754E-01
        0.90594499    3.07520000E-01
        0.93614316    3.35310566E-01
        0.96634132    3.46473165E-01
        0.99653949    3.39704115E-01
        1.02673766    3.14377114E-01
        1.05693582    2.70640000E-01
        1.08713399    2.09511526E-01
        1.11733215    1.32978125E-01
        1.14753032    4.40906752E-02
        1.17772849   -5.29387264E-02
        1.20792665   -1.52640000E-01
        1.23812482   -2.48188314E-01
        1.26832299   -3.31307315E-01
        1.29852115   -3.92172365E-01
        1.32871932   -4.19313766E-01
        1.35891749   -3.99520000E-01
        1.38911565   -3.17740954E-01
        1.41931382   -1.56991155E-01
        1.44951198    1.01746995E-01
        1.47971015    4.79619994E-01
        1.50990832    1.00000000E+00
