        0.00000000   -1.00000000E+00
        0.03019817    3.38512846E-01
        0.06039633    2.91554376E-01
        0.09059450   -5.90335535E-02
        0.12079267   -2.81423934E-01
        0.15099083   -2.88213433E-01
        0.18118900   -1.43821354E-01
        0.21138716    4.76998423E-02
        0.24158533    1.99881616E-01
        0.27178350    2.65511939E-01
        0.30198166    2.37192745E-01
        0.33217983    1.37116342E-01
        0.36237800    3.09891503E-03
        0.39257616   -1.24685235E-01
        0.42277433   -2.13810579E-01
        0.45297250   -2.45553067E-01
        0.48317066   -2.16714367E-01
        0.51336883   -1.37997489E-01
        0.54356699   -2.99700891E-02
        0.57376516    8.22260664E-02
        0.60396333    1.74315336E-01
        0.63416149    2.27553072E-01
        0.66435966    2.31947641E-01
        0.69455783    1.87667850E-01
        0.72475599    1.04563396E-01
        0.75495416    3.00540842E-16
        0.78515232   -1.04563396E-01
        0.81535049   -1.87667850E-01
        0.84554866   -2.31947641E-01
        0.87574682   -2.27553072E-01
        0.90594499   -1.74315336E-01
        0.93614316   -8.22260664E-02
        0.96634132    2.99700891E-02
        0.99653949    1.37997489E-01
        1.02673766    2.16714367E-01
        1.05693582    2.45553067E-01
        1.08713399    2.13810579E-01
        1.11733215    1.24685235E-01
        1.14753032   -3.09891503E-03
        1.17772849   -1.37116342E-01
        1.20792665   -2.37192745E-01
        1.23812482   -2.65511939E-01
        1.26832299   -1.99881616E-01
        1.29852115   -4.76998423E-02
        1.32871932    1.43821354E-01
        1.35891749    2.88213433E-01
        1.38911565    2.81423934E-01
        1.41931382    5.90335535E-02
        1.44951198   -2.91554376E-01
        1.47971015   -3.38512846E-01
        1.50990832    1.00000000E+00
