        0.00000000    1.00000000E+00
        0.03019817    8.82400000E-01
        0.06039633    7.69600000E-01
        0.09059450    6.61600000E-01
        0.12079267    5.58400000E-01
        0.15099083    4.60000000E-01
        0.18118900    3.66400000E-01
        0.21138716    2.77600000E-01
        0.24158533    1.93600000E-01
        0.27178350    1.14400000E-01
        0.30198166    4.00000000E-02
        0.33217983   -2.96000000E-02
        0.36237800   -9.44000000E-02
        0.39257616   -1.54400000E-01
        0.42277433   -2.09600000E-01
        0.45297250   -2.60000000E-01
        0.48317066   -3.05600000E-01
        0.51336883   -3.46400000E-01
        0.54356699   -3.82400000E-01
        0.57376516   -4.13600000E-01
        0.60396333   -4.40000000E-01
        0.63416149   -4.61600000E-01
        0.66435966   -4.78400000E-01
        0.69455783   -4.90400000E-01
        0.72475599   -4.97600000E-01
        0.75495416   -5.00000000E-01
        0.78515232   -4.97600000E-01
        0.81535049   -4.90400000E-01
        0.84554866   -4.78400000E-01
        0.87574682   -4.61600000E-01
        0.90594499   -4.40000000E-01
        0.93614316   -4.13600000E-01
        0.96634132   -3.82400000E-01
        0.99653949   -3.46400000E-01
        1.02673766   -3.05600000E-01
        1.05693582   -2.60000000E-01
        1.08713399   -2.09600000E-01
        1.11733215   -1.54400000E-01
        1.14753032   -9.44000000E-02
        1.17772849   -2.96000000E-02
        1.20792665    4.00000000E-02
        1.23812482    1.14400000E-01
        1.26832299    1.93600000E-01
        1.29852115    2.77600000E-01
        1.32871932    3.66400000E-01
        1.35891749    4.60000000E-01
        1.38911565    5.58400000E-01
        1.41931382    6.61600000E-01
        1.44951198    7.69600000E-01
        1.47971015    8.82400000E-01
        1.50990832    1.00000000E+00
