        0.00000000   -1.00000000E+00
        0.03019817   -7.71840000E-01
        0.06039633   -5.66720000E-01
        0.09059450   -3.83680000E-01
        0.12079267   -2.21760000E-01
        0.15099083   -8.00000000E-02
        0.18118900    4.25600000E-02
        0.21138716    1.46880000E-01
        0.24158533    2.33920000E-01
        0.27178350    3.04640000E-01
        0.30198166    3.60000000E-01
        0.33217983    4.00960000E-01
        0.36237800    4.28480000E-01
        0.39257616    4.43520000E-01
        0.42277433    4.47040000E-01
        0.45297250    4.40000000E-01
        0.48317066    4.23360000E-01
        0.51336883    3.98080000E-01
        0.54356699    3.65120000E-01
        0.57376516    3.25440000E-01
        0.60396333    2.80000000E-01
        0.63416149    2.29760000E-01
        0.66435966    1.75680000E-01
        0.69455783    1.18720000E-01
        0.72475599    5.98400000E-02
        0.75495416    1.66533454E-16
        0.78515232   -5.98400000E-02
        0.81535049   -1.18720000E-01
        0.84554866   -1.75680000E-01
        0.87574682   -2.29760000E-01
        0.90594499   -2.80000000E-01
        0.93614316   -3.25440000E-01
        0.96634132   -3.65120000E-01
        0.99653949   -3.98080000E-01
        1.02673766   -4.23360000E-01
        1.05693582   -4.40000000E-01
        1.08713399   -4.47040000E-01
        1.11733215   -4.43520000E-01
        1.14753032   -4.28480000E-01
        1.17772849   -4.00960000E-01
        1.20792665   -3.60000000E-01
        1.23812482   -3.04640000E-01
        1.26832299   -2.33920000E-01
        1.29852115   -1.46880000E-01
        1.32871932   -4.25600000E-02
        1.35891749    8.00000000E-02
        1.38911565    2.21760000E-01
        1.41931382    3.83680000E-01
        1.44951198    5.66720000E-01
        1.47971015    7.71840000E-01
        1.50990832    1.00000000E+00
