        0.00000000   -1.00000000E+00
        0.03019817   -1.50595542E-01
        0.06039633    2.71286478E-01
        0.09059450    4.08294219E-01
        0.12079267    3.70334838E-01
        0.15099083    2.39651200E-01
        0.18118900    7.54114902E-02
        0.21138716   -8.21661182E-02
        0.24158533   -2.08131611E-01
        0.27178350   -2.89541946E-01
        0.30198166   -3.22598400E-01
        0.33217983   -3.10160302E-01
        0.36237800   -2.59613012E-01
        0.39257616   -1.81068013E-01
        0.42277433   -8.58729675E-02
        0.45297250    1.45904000E-02
        0.48317066    1.09842733E-01
        0.51336883    1.90999929E-01
        0.54356699    2.51244615E-01
        0.57376516    2.86098368E-01
        0.60396333    2.93516800E-01
        0.63416149    2.73829671E-01
        0.66435966    2.29548146E-01
        0.69455783    1.65061364E-01
        0.72475599    8.62444308E-02
        0.75495416    2.42861287E-16
        0.78515232   -8.62444308E-02
        0.81535049   -1.65061364E-01
        0.84554866   -2.29548146E-01
        0.87574682   -2.73829671E-01
        0.90594499   -2.93516800E-01
        0.93614316   -2.86098368E-01
        0.96634132   -2.51244615E-01
        0.99653949   -1.90999929E-01
        1.02673766   -1.09842733E-01
        1.05693582   -1.45904000E-02
        1.08713399    8.58729675E-02
        1.11733215    1.81068013E-01
        1.14753032    2.59613012E-01
        1.17772849    3.10160302E-01
        1.20792665    3.22598400E-01
        1.23812482    2.89541946E-01
        1.26832299    2.08131611E-01
        1.29852115    8.21661182E-02
        1.32871932   -7.54114902E-02
        1.35891749   -2.39651200E-01
        1.38911565   -3.70334838E-01
        1.41931382   -4.08294219E-01
        1.44951198   -2.71286478E-01
        1.47971015    1.50595542E-01
        1.50990832    1.00000000E+00
