   -9.17901364E-01    3.21779127E-04
   -8.95597494E-01    4.93063022E-04
   -8.73293624E-01    7.39703505E-04
   -8.50989754E-01    1.10997436E-03
   -8.28685884E-01    1.64099509E-03
   -8.06382013E-01    2.40503187E-03
   -7.84078143E-01    3.45329697E-03
   -7.61774273E-01    4.84888613E-03
   -7.39470403E-01    6.70507822E-03
   -7.17166533E-01    9.06339662E-03
   -6.94862663E-01    1.18653519E-02
   -6.72558793E-01    1.50236857E-02
   -6.50254923E-01    1.84345297E-02
   -6.27951053E-01    2.19889584E-02
   -6.05647183E-01    2.56230472E-02
   -5.83343312E-01    2.92168516E-02
   -5.61039442E-01    3.27749857E-02
   -5.38735572E-01    3.62947960E-02
   -5.16431702E-01    3.98161742E-02
   -4.94127832E-01    4.32955837E-02
   -4.71823962E-01    4.66148437E-02
   -4.49520092E-01    4.95642180E-02
   -4.27216222E-01    5.19421758E-02
   -4.04912352E-01    5.35068344E-02
   -3.82608482E-01    5.39011893E-02
   -3.60304611E-01    5.31581403E-02
   -3.38000741E-01    5.12124635E-02
   -3.15696871E-01    4.82902947E-02
   -2.93393001E-01    4.45835728E-02
   -2.71089131E-01    4.02627953E-02
   -2.48785261E-01    3.57509378E-02
   -2.26481391E-01    3.12048494E-02
   -2.04177521E-01    2.68857188E-02
   -1.81873651E-01    2.29570016E-02
   -1.59569781E-01    1.94027008E-02
   -1.37265910E-01    1.61177963E-02
   -1.14962040E-01    1.30950279E-02
   -9.26581703E-02    1.03571613E-02
   -7.03543002E-02    7.89690588E-03
   -4.80504301E-02    5.75858433E-03
   -2.57465600E-02    3.99604826E-03
   -3.44268985E-03    2.69521107E-03
    1.88611802E-02    1.78106127E-03
    4.11650504E-02    1.17944863E-03
    6.34689205E-02    8.03725383E-04
    8.57727906E-02    5.47518923E-04
    1.08076661E-01    4.16157252E-04
    1.30380531E-01    3.27804374E-04
    1.52684401E-01    2.67257082E-04
    1.74988271E-01    2.29076223E-04
    1.97292141E-01    1.78310611E-04
