        0.00000000   -1.00000000E+00
        0.03019817    4.05478452E-01
        0.06039633    2.85190273E-02
        0.09059450   -2.89309814E-01
        0.12079267   -2.32695009E-01
        0.15099083    9.97914088E-03
        0.18118900    2.10981361E-01
        0.21138716    2.58133638E-01
        0.24158533    1.59080400E-01
        0.27178350   -1.02417684E-02
        0.30198166   -1.61930834E-01
        0.33217983   -2.34755974E-01
        0.36237800   -2.09825411E-01
        0.39257616   -1.07159886E-01
        0.42277433    2.92587672E-02
        0.45297250    1.50134978E-01
        0.48317066    2.17020941E-01
        0.51336883    2.12254942E-01
        0.54356699    1.41422361E-01
        0.57376516    2.91352322E-02
        0.60396333   -8.96999629E-02
        0.63416149   -1.80326741E-01
        0.66435966   -2.17549674E-01
        0.69455783   -1.91958698E-01
        0.72475599   -1.11750197E-01
        0.75495416   -3.25585912E-16
        0.78515232    1.11750197E-01
        0.81535049    1.91958698E-01
        0.84554866    2.17549674E-01
        0.87574682    1.80326741E-01
        0.90594499    8.96999629E-02
        0.93614316   -2.91352322E-02
        0.96634132   -1.41422361E-01
        0.99653949   -2.12254942E-01
        1.02673766   -2.17020941E-01
        1.05693582   -1.50134978E-01
        1.08713399   -2.92587672E-02
        1.11733215    1.07159886E-01
        1.14753032    2.09825411E-01
        1.17772849    2.34755974E-01
        1.20792665    1.61930834E-01
        1.23812482    1.02417684E-02
        1.26832299   -1.59080400E-01
        1.29852115   -2.58133638E-01
        1.32871932   -2.10981361E-01
        1.35891749   -9.97914088E-03
        1.38911565    2.32695009E-01
        1.41931382    2.89309814E-01
        1.44951198   -2.85190273E-02
        1.47971015   -4.05478452E-01
        1.50990832    1.00000000E+00
