   -1.87149148E+00    2.00404422E-04
   -1.84785669E+00    2.96820172E-04
   -1.82422189E+00    4.12859286E-04
   -1.80058710E+00    5.41018113E-04
   -1.77695231E+00    6.82487546E-04
   -1.75331752E+00    8.42619587E-04
   -1.72968273E+00    1.04027590E-03
   -1.70604794E+00    1.33041491E-03
   -1.68241315E+00    1.78790775E-03
   -1.65877835E+00    2.48139248E-03
   -1.63514356E+00    3.50826732E-03
   -1.61150877E+00    4.95535701E-03
   -1.58787398E+00    6.83387230E-03
   -1.56423919E+00    9.12206302E-03
   -1.54060440E+00    1.17827531E-02
   -1.51696960E+00    1.47810405E-02
   -1.49333481E+00    1.81217717E-02
   -1.46970002E+00    2.18304330E-02
   -1.44606523E+00    2.59080508E-02
   -1.42243044E+00    3.03328710E-02
   -1.39879565E+00    3.49383163E-02
   -1.37516085E+00    3.94059656E-02
   -1.35152606E+00    4.34209860E-02
   -1.32789127E+00    4.67085258E-02
   -1.30425648E+00    4.91979854E-02
   -1.28062169E+00    5.09731230E-02
   -1.25698690E+00    5.22316932E-02
   -1.23335210E+00    5.29780472E-02
   -1.20971731E+00    5.32535749E-02
   -1.18608252E+00    5.27812388E-02
   -1.16244773E+00    5.15005117E-02
   -1.13881294E+00    4.92242471E-02
   -1.11517815E+00    4.57859005E-02
   -1.09154335E+00    4.14167006E-02
   -1.06790856E+00    3.64600267E-02
   -1.04427377E+00    3.11895708E-02
   -1.02063898E+00    2.59914683E-02
   -9.97004188E-01    2.11448052E-02
   -9.73369396E-01    1.68915189E-02
   -9.49734605E-01    1.32652901E-02
   -9.26099813E-01    1.02558684E-02
   -9.02465021E-01    7.71316817E-03
   -8.78830230E-01    5.67666008E-03
   -8.55195438E-01    4.00215012E-03
   -8.31560647E-01    2.72868369E-03
   -8.07925855E-01    1.74360732E-03
   -7.84291063E-01    1.06717689E-03
   -7.60656272E-01    6.07379620E-04
   -7.37021480E-01    3.42555349E-04
   -7.13386688E-01    1.97225521E-04
   -6.89751897E-01    1.13348847E-04
