        0.00000000    1.00000000E+00
        0.03019817   -2.55243329E-01
        0.06039633   -3.77315752E-01
        0.09059450   -1.13002901E-01
        0.12079267    1.61704981E-01
        0.15099083    3.00529796E-01
        0.18118900    2.86931891E-01
        0.21138716    1.66258867E-01
        0.24158533    2.43300004E-03
        0.27178350   -1.47144139E-01
        0.30198166   -2.43662746E-01
        0.33217983   -2.70142841E-01
        0.36237800   -2.29149229E-01
        0.39257616   -1.37525122E-01
        0.42277433   -2.00244798E-02
        0.45297250    9.68390644E-02
        0.48317066    1.89878309E-01
        0.51336883    2.42788916E-01
        0.54356699    2.48016196E-01
        0.57376516    2.07004886E-01
        0.60396333    1.29072026E-01
        0.63416149    2.92520377E-02
        0.66435966   -7.44792527E-02
        0.69455783   -1.64182013E-01
        0.72475599   -2.24736361E-01
        0.75495416   -2.46093750E-01
        0.78515232   -2.24736361E-01
        0.81535049   -1.64182013E-01
        0.84554866   -7.44792527E-02
        0.87574682    2.92520377E-02
        0.90594499    1.29072026E-01
        0.93614316    2.07004886E-01
        0.96634132    2.48016196E-01
        0.99653949    2.42788916E-01
        1.02673766    1.89878309E-01
        1.05693582    9.68390644E-02
        1.08713399   -2.00244798E-02
        1.11733215   -1.37525122E-01
        1.14753032   -2.29149229E-01
        1.17772849   -2.70142841E-01
        1.20792665   -2.43662746E-01
        1.23812482   -1.47144139E-01
        1.26832299    2.43300004E-03
        1.29852115    1.66258867E-01
        1.32871932    2.86931891E-01
        1.35891749    3.00529796E-01
        1.38911565    1.61704981E-01
        1.41931382   -1.13002901E-01
        1.44951198   -3.77315752E-01
        1.47971015   -2.55243329E-01
        1.50990832    1.00000000E+00
