1 2.2512917986064953
2 2.1484344131667874
3 1.6496443329121409
4 1.8542798262093889
5 1.3392883187439599
6 1.0927471692157116
7 1.1786549963416462
8 0.9926637106587292
9 0.7507762933965817
10 0.7404000654104909
11 0.3687637412577365
12 0.2814124594381855
13 0.4803664162812822
14 0.3953127366441464
15 0.9343092373768334
16 0.9839493803479697
17 1.4663370687934270
18 1.2367626271489269
19 1.4129626082020519
20 1.0617077317326586
21 2.3116349285139637
22 2.4193093673021870
23 1.5281749483553344
24 1.4826862067949567
25 1.2584609896100056
26 1.2098379237783341
27 0.8472978603872037
28 0.8814034728737145
29 0.5077439572285827
30 0.5282725373697112
31 0.4700036292457356
32 0.4957877464014502
33 0.0000000000000000
34 0.0000000000000000
35 0.7366322924996842
36 0.7052685410922901
37 0.8421827597204332
38 0.9315582040049435
39 0.8639649128724153
40 0.7955621859880149
41 2.1656192379208883
42 2.2434961766240393
43 1.5738107347909494
44 1.6044253706105560
45 1.1911638460333549
46 1.2095129847015513
47 0.9985288301111273
48 0.9810192045746491
49 0.6931471805599453
50 0.6394430015880842
51 0.5232481437645479
52 0.4146817632130884
53 0.4585749334221128
54 0.4418327522790392
55 0.9162907318741551
56 0.8148212717092953
57 1.0275163669843794
58 1.0154973819576032
59 1.0079579203999789
60 0.9200572146696320
61 2.0104486701928845
62 2.1690537003695232
63 1.4714521694601974
64 1.5388203452201470
65 1.1387322824575350
66 1.2253639943072534
67 0.7639162514481525
68 0.7187896111732830
69 0.5978370007556204
70 0.5240708505160113
71 0.3829922522561057
72 0.3364722366212129
73 0.4536672099260421
74 0.4722533489797510
75 0.7357067949787413
76 0.7765287894989963
77 0.9162907318741551
78 0.7919930151965779
79 0.8641049787035848
80 0.9464616095075185
81 2.0084305060366474
82 2.1580038641829380
83 1.5436865348713198
84 1.4752418471363866
85 1.1918304175002106
86 1.1688165473413583
87 0.7286538690168551
88 0.8124106013867630
89 0.7243997240640498
90 0.5877866649021191
91 0.4732877044469255
92 0.5596157879354227
93 0.5857269319391084
94 0.4700036292457356
95 0.7942432974313142
96 0.7032995520239632
97 0.9162907318741551
98 0.8855190732074014
99 0.9919281460797752
100 1.0517809889840106
101 2.0191674193287223
102 1.9965538818740682
103 1.5606477482646683
104 1.8546992690019293
105 1.1314021114911006
106 1.1664348850068709
107 0.9043858293678367
108 0.8445354276912935
109 0.5254244231871433
110 0.5592221646278409
111 0.3964152725882464
112 0.3596555720768701
113 0.4450742462032102
114 0.2876820724517808
115 0.8622235106038793
116 0.9295359586241757
117 0.9848149099419298
118 1.1807894688702789
119 0.9533681496570546
120 0.9608285863050567
121 1.9810014688665833
122 1.9953584244692946
123 1.4481697648379781
124 1.6045479271399086
125 1.1038893457689534
126 1.0975259224558889
127 0.8888917576860407
128 0.8482190949065245
129 0.6931471805599453
130 0.6694306539426292
131 0.4003237086077457
132 0.4105802087749348
133 0.5154660033224929
134 0.4502010019495558
135 0.8898574748059996
136 0.8205747902464501
137 1.0068047394149868
138 0.9162907318741551
139 0.8244831826210323
140 0.8857402876757298
141 2.3779345302358323
142 2.3903607038764316
143 1.9278916435526350
144 2.3360010899138897
145 1.5859074150239063
146 1.2289021873684614
147 1.3882379963284617
148 1.1930437337937456
149 0.7086513670959106
150 0.7717095030630474
151 0.4938760654522174
152 0.5705448584676129
153 0.4920055644392208
154 0.5177222028250510
155 0.8657860366374825
156 0.9432913336926610
157 1.2150226405125208
158 1.3217558399823195
159 1.1130010261202095
160 1.1992558144477972
161 1.9404704257594951
162 2.0949457282158011
163 1.3973441973064755
164 1.4498963839719656
165 1.0865118817340222
166 1.1222221543072435
167 1.0704414117014134
168 1.1150852541780782
169 0.5861879435384220
170 0.5580545073684702
171 0.3979036354075879
172 0.3983476403393004
173 0.3228857076447605
174 0.3600027340314070
175 0.6931471805599453
176 0.6931471805599453
177 1.2363762283805955
178 1.1845547184688343
179 0.9239830774973108
180 0.8757993705194181
181 2.1624384612508036
182 2.1747517214841610
183 1.6292405397302800
184 1.6373231159236361
185 1.3190856114264407
186 1.2669476034873244
187 0.9162907318741551
188 1.0022331616748799
189 0.6296337748376194
190 0.6286086594223741
191 0.3646431135879092
192 0.2779826753630674
193 0.3215836241274623
194 0.3364722366212129
195 0.6826758806926500
196 0.7673326210485241
197 1.2216723814253370
198 1.2408773612613870
199 0.9858167945227654
200 0.8740579682508821
201 2.1940834484353586
202 2.2125132698513097
203 1.5587941796153455
204 1.5397579917961104
205 1.1132439509361738
206 1.0796625398884474
207 0.8522118751896326
208 0.8432655968592652
209 0.6095429618919299
210 0.5041045230929132
211 0.3665569897701935
212 0.3108695969067072
213 0.4054651081081644
214 0.5007752879124892
215 0.7801585575495750
216 0.8735288725360733
217 0.9634375102998570
218 0.9926637106587292
219 1.1167123303117277
220 1.0064418288684527
221 2.3937544801323392
222 2.3191143949452564
223 1.4297794730596296
224 1.6251040291784997
225 1.0805937831654315
226 1.1221427860783040
227 0.9279867716373463
228 0.9808292530117262
229 0.9374929395247580
230 0.9091222423955425
231 0.5083224935478722
232 0.5162164724008671
233 0.4274440148269397
234 0.4504164959704307
235 1.0986122886681098
236 1.0745147370890491
237 1.0986122886681098
238 1.3570239788197773
239 1.2878542883066382
240 1.3652409519220583
241 2.0664261735677654
242 2.1756254655327578
243 1.6094379124341003
244 1.5581446180465499
245 1.2672350011039024
246 1.2697605448639391
247 0.9040954587803368
248 0.8890575814157964
249 0.7096764825111558
250 0.7014459833746404
251 0.4989911661189878
252 0.4957877464014502
253 0.3448404862917296
254 0.3914788661334245
255 0.8732733467904643
256 0.8505393543113746
257 0.7213180575266416
258 0.6664789334777840
259 1.1587808101345625
260 1.1284652518177909
261 2.3328249781837638
262 2.3685430607858433
263 1.6264907008168199
264 1.5093544538771178
265 1.5127785082290104
266 1.4581200956911462
267 0.8459099351123555
268 0.8241754429663494
269 0.7093200398055463
270 0.6844891178168307
271 0.4519851237430572
272 0.4054651081081644
273 0.1718502569266592
274 0.1670540846631662
275 0.7827593392496325
276 0.8297227155656960
277 1.0986122886681098
278 1.0971096587835747
279 1.1016939552055178
280 1.1298648321722142
281 2.2116133147883188
282 2.1202635362000910
283 1.6497118115720404
284 1.9169226121820611
285 1.5040773967762742
286 1.6094379124341003
287 1.0145291714575684
288 1.0033021088637848
289 0.4155154439616658
290 0.3746934494414107
291 0.3244960455744972
292 0.2795848622191615
293 0.2151113796169455
294 0.2411620568168880
295 0.6268977950187447
296 0.7205461547480596
297 1.0185695809945732
298 1.0459685551826878
299 1.0055218656020977
300 1.0388930539664876
301 2.0605135317943168
302 2.1041341542702074
303 1.7618802693443210
304 1.7098723097558708
305 1.4223430768874881
306 1.2937428037546455
307 1.0575860249203033
308 0.9550767569093116
309 0.6706743247078867
310 0.6824366176217633
311 0.3476647770534914
312 0.3649737467534275
313 0.3989861420104553
314 0.3385404896852720
315 1.0555618285122710
316 1.0302416947370197
317 1.1912337785485063
318 1.1939224684724346
319 1.0365768977486571
320 0.9983331545405978
321 2.1603579934019690
322 2.1976585109511864
323 1.5988558031035636
324 1.7188365068412070
325 1.2499579175677593
326 1.2020478759163515
327 1.0330150061822965
328 0.9579504706267952
329 0.7505366640221989
330 0.7768338277158712
331 0.4274440148269397
332 0.4404092644941854
333 0.3224681885371964
334 0.3741582034831202
335 0.9628107475090479
336 1.0450715217400799
337 1.2321436812926323
338 1.2386409332718129
339 1.0742949810174034
340 1.0102431382180195
341 2.3025850929940459
342 2.2464956263430023
343 1.9661128563728327
344 1.8390123540786005
345 1.4021258263365712
346 1.3708698907942589
347 0.9287132518727123
348 0.8882077631313297
349 0.5896065016191050
350 0.5913644862500029
351 0.4519851237430572
352 0.4957877464014502
353 0.4480247225269604
354 0.3839589028872008
355 0.8780695190539572
356 0.9354606479818752
357 1.1601701816675432
358 1.1124056108004454
359 1.2192402764567245
360 1.0826119473216687
361 2.6352908468197818
362 2.6539829798319343
363 1.5538680612792897
364 1.5820389382459858
365 1.5130460667590344
366 1.5114575040738967
367 1.0489126201158372
368 1.1111124514323412
369 0.6109090823229731
370 0.6229429218866968
371 0.4158278951437110
372 0.3802748592796059
373 0.4289956055183586
374 0.3636679794297030
375 1.0498221244986776
376 0.8842024173226545
377 1.3862943611198906
378 1.5198257537444131
379 1.2840155119994725
380 1.2566165378113581
381 2.1656192379208883
382 2.1400661634962708
383 1.5581446180465499
384 1.7329189692051217
385 1.0926421216816058
386 1.1655065234981399
387 0.7709248816026295
388 0.9354606479818752
389 0.5733459807473247
390 0.5506471179526623
391 0.4418327522790392
392 0.3386021628790379
393 0.3440961617318724
394 0.3199429346700023
395 0.8708283577973978
396 0.7419373447293773
397 0.8724881092157621
398 1.0577902941478545
399 1.0775588794702773
400 1.0402015265116953
401 2.1484344131667874
402 2.0455399900041544
403 1.6143041020852733
404 1.5163474893680884
405 1.2580400255962119
406 1.2685113254635072
407 1.0658224658451187
408 0.9699001824795360
409 0.6443570163905132
410 0.6403046991855654
411 0.4054651081081644
412 0.4149438520627081
413 0.4803664162812822
414 0.3029495445825694
415 0.9661877030187781
416 0.9837320126696876
417 1.2629153399593860
418 1.2378743560016172
419 1.1676051601550612
420 1.0986122886681098
421 2.0368819272610401
422 1.8562979903656263
423 1.6800554796480538
424 1.5533484457830569
425 1.1706656063081673
426 1.2957803535790589
427 0.9267620317414504
428 1.0156632056873589
429 0.3150810466398954
430 0.4011267065095662
431 0.3958956570920137
432 0.4361020775700542
433 0.3170959576580742
434 0.3995999886557663
435 0.5673777932709119
436 0.5740878205439571
437 0.6931471805599453
438 0.9075570519054004
439 0.9985288301111273
440 1.0672617587840336
441 2.1690537003695232
442 2.1925841977797171
443 1.5935224571282010
444 1.3804634408090974
445 1.1157067220274099
446 1.1217347060889640
447 0.7318616927406357
448 0.7409378443962937
449 0.3502024294331150
450 0.4307829160924543
451 0.2911970145592254
452 0.3302416868705768
453 0.2822324676842162
454 0.4125322753312569
455 0.8362480242006185
456 0.6931471805599453
457 1.0152306797290584
458 0.8785504038913080
459 0.8630462173553427
460 0.9202046311952914
461 2.1690537003695232
462 2.1610855307203463
463 1.6486586255873816
464 1.7038006738823854
465 1.1694866282547667
466 1.1493336642525389
467 1.0008481199022181
468 0.9549498050239055
469 0.7303261838016993
470 0.6480267452794758
471 0.5055485666651469
472 0.3923930265408117
473 0.4700036292457356
474 0.5108256237659907
475 1.0258529343856813
476 0.9538734430231980
477 0.9038682118755978
478 1.0147308046874077
479 0.8799230877032802
480 0.8960880245566357
481 2.1701959049482999
482 2.1051898672143654
483 1.7851721639285332
484 1.5066580433697656
485 1.5098080714852591
486 1.3758230612525952
487 1.1610477596089022
488 1.0210540543222353
489 0.6603573577369545
490 0.5815946946541980
491 0.4361020775700542
492 0.4452054367576784
493 0.4754236967150748
494 0.4682308036579518
495 0.9360933591703348
496 0.8261228632507450
497 0.9364934391916745
498 0.9422369138187403
499 0.8959760905229758
500 0.9162907318741551
501 2.1840395715973280
502 2.1446820635482369
503 1.7004096906398272
504 1.7038006738823854
505 1.3862943611198906
506 1.1771181465805449
507 1.0733489187469269
508 1.1113920153145087
509 0.6915535547246673
510 0.7100218276604965
511 0.4405897440394423
512 0.4620354595965586
513 0.3166696093250332
514 0.4054651081081644
515 0.7556675375412792
516 0.7478976953313536
517 0.7817005779013904
518 0.7085320993994247
519 1.1013408033213137
520 1.1326315358656123
521 2.0136901641170555
522 2.0124308313968760
523 1.7607191498334058
524 1.7414976344471669
525 1.3997173814520314
526 1.5553706911638245
527 0.8439700702945290
528 0.8665910633218825
529 0.7167599960472357
530 0.7375989431307791
531 0.3633938941874773
532 0.4774386077332536
533 0.5068176023684519
534 0.4813031844996689
535 1.0492664145649548
536 0.9998774479824207
537 1.1516048188086201
538 1.2729656758128876
539 1.0441241033840398
540 0.8823891801984737
541 1.9095425048844386
542 2.1225082060539147
543 1.3805963400052528
544 1.5182219041624387
545 1.2321436812926323
546 1.2135422553420867
547 0.8855190732074014
548 0.8472978603872037
549 0.7339691750802005
550 0.7103889869944513
551 0.4631307499579735
552 0.3976829676661094
553 0.3690974639372895
554 0.3635009090091322
555 0.7569986525464780
556 0.8244831826210323
557 0.8513711857748395
558 0.7463512166234100
559 1.1491645678309410
560 1.1084507376683976
561 1.9346934654503052
562 1.9362227108996239
563 1.7638171375714609
564 1.6817585740137264
565 1.3762440252663892
566 1.4017985476558559
567 0.9827804731429880
568 1.0284573020009808
569 0.6439281079558875
570 0.6109090823229731
571 0.4093186774241545
572 0.4489502200479032
573 0.3466246080852310
574 0.4795730802618863
575 0.8002185606214010
576 0.8034952377288107
577 0.8764692376874835
578 0.9650808960435870
579 1.0116009116784799
580 1.0166699171817772
581 2.1534157435169914
582 2.3470368555648795
583 1.5545969967345143
584 1.7197859696029656
585 1.2387589204113516
586 1.3093333199837622
587 1.2039728043259361
588 1.1954621146580273
589 0.5930637220029628
590 0.6190392084062235
591 0.3615943307385507
592 0.4369283775639494
593 0.4054651081081644
594 0.3297532863724680
595 0.7621400520468967
596 0.7985076962177716
597 0.9192892348704117
598 0.9852836033611064
599 0.9798041375964810
600 1.0354333870465782
601 2.0318525788560380
602 2.0583881324820035
603 1.4064970684374101
604 1.3862943611198906
605 1.1394342831883648
606 1.2147255961021977
607 0.8372040472179848
608 0.8708283577973978
609 0.6883965778013474
610 0.6086120739235789
611 0.4995291818322421
612 0.4028019906886807
613 0.3982067456578416
614 0.4165557948023226
615 0.8244831826210323
616 0.8472978603872037
617 1.0262916270884836
618 1.0498221244986776
619 0.9328504479131735
620 0.9019811866612574
621 2.1472922085880102
622 2.1871489253474778
623 1.7863686205931786
624 1.8059441042200113
625 1.1648914542834647
626 1.2474201240848726
627 0.9835179429356545
628 1.0098167898849786
629 0.8256363636060242
630 0.7415563197676329
631 0.3755434282431152
632 0.5037882970454145
633 0.3364722366212129
634 0.3566749439387324
635 0.9628107475090479
636 0.9808292530117262
637 1.0296194171811581
638 1.0538763948267182
639 0.9826326800108770
640 1.1344632704663444
641 2.1334627552668204
642 2.0856720914304723
643 1.5993875765805989
644 1.6384956469136431
645 1.3314861246248957
646 1.2525046039415473
647 1.0189601297204904
648 1.0560526742493137
649 0.6380874033769178
650 0.6344678538792899
651 0.4054651081081644
652 0.3471115940363401
653 0.3418740053266331
654 0.4436168740725406
655 0.8104765986081874
656 0.7834559606640804
657 1.0986122886681098
658 1.0986122886681098
659 0.8806730962612617
660 0.9465373183314180
