        0.00000000   -1.00000000E+00
        0.05307966    3.44654211E-01
        0.10615932   -2.14475381E-01
        0.15923898   -2.44384661E-01
        0.21231864    6.47227188E-02
        0.26539830    2.53541084E-01
        0.31847796    1.84435136E-01
        0.37155762   -2.40579651E-02
        0.42463728   -1.94952071E-01
        0.47771694   -2.25316975E-01
        0.53079660   -1.19448088E-01
        0.58387626    4.56052913E-02
        0.63695592    1.77496510E-01
        0.69003557    2.15438169E-01
        0.74311523    1.50742175E-01
        0.79619489    2.08822681E-02
        0.84927455   -1.13531749E-01
        0.90235421   -1.96295097E-01
        0.95543387   -1.96849106E-01
        1.00851353   -1.18989444E-01
        1.06159319    3.86889269E-03
        1.11467285    1.23346086E-01
        1.16775251    1.94581015E-01
        1.22083217    1.92062717E-01
        1.27391183    1.17851211E-01
        1.32699149    0.00000000E+00
        1.38007115   -1.17851211E-01
        1.43315081   -1.92062717E-01
        1.48623047   -1.94581015E-01
        1.53931013   -1.23346086E-01
        1.59238979   -3.86889269E-03
        1.64546945    1.18989444E-01
        1.69854911    1.96849106E-01
        1.75162877    1.96295097E-01
        1.80470843    1.13531749E-01
        1.85778809   -2.08822681E-02
        1.91086775   -1.50742175E-01
        1.96394741   -2.15438169E-01
        2.01702706   -1.77496510E-01
        2.07010672   -4.56052913E-02
        2.12318638    1.19448088E-01
        2.17626604    2.25316975E-01
        2.22934570    1.94952071E-01
        2.28242536    2.40579651E-02
        2.33550502   -1.84435136E-01
        2.38858468   -2.53541084E-01
        2.44166434   -6.47227188E-02
        2.49474400    2.44384661E-01
        2.54782366    2.14475381E-01
        2.60090332   -3.44654211E-01
        2.65398298    1.00000000E+00
