        0.00000000   -1.00000000E+00
        0.05307966   -4.79619994E-01
        0.10615932   -1.01746995E-01
        0.15923898    1.56991155E-01
        0.21231864    3.17740954E-01
        0.26539830    3.99520000E-01
        0.31847796    4.19313766E-01
        0.37155762    3.92172365E-01
        0.42463728    3.31307315E-01
        0.47771694    2.48188314E-01
        0.53079660    1.52640000E-01
        0.58387626    5.29387264E-02
        0.63695592   -4.40906752E-02
        0.69003557   -1.32978125E-01
        0.74311523   -2.09511526E-01
        0.79619489   -2.70640000E-01
        0.84927455   -3.14377114E-01
        0.90235421   -3.39704115E-01
        0.95543387   -3.46473165E-01
        1.00851353   -3.35310566E-01
        1.06159319   -3.07520000E-01
        1.11467285   -2.64985754E-01
        1.16775251   -2.10075955E-01
        1.22083217   -1.45545805E-01
        1.27391183   -7.44408064E-02
        1.32699149    0.00000000E+00
        1.38007115    7.44408064E-02
        1.43315081    1.45545805E-01
        1.48623047    2.10075955E-01
        1.53931013    2.64985754E-01
        1.59238979    3.07520000E-01
        1.64546945    3.35310566E-01
        1.69854911    3.46473165E-01
        1.75162877    3.39704115E-01
        1.80470843    3.14377114E-01
        1.85778809    2.70640000E-01
        1.91086775    2.09511526E-01
        1.96394741    1.32978125E-01
        2.01702706    4.40906752E-02
        2.07010672   -5.29387264E-02
        2.12318638   -1.52640000E-01
        2.17626604   -2.48188314E-01
        2.22934570   -3.31307315E-01
        2.28242536   -3.92172365E-01
        2.33550502   -4.19313766E-01
        2.38858468   -3.99520000E-01
        2.44166434   -3.17740954E-01
        2.49474400   -1.56991155E-01
        2.54782366    1.01746995E-01
        2.60090332    4.79619994E-01
        2.65398298    1.00000000E+00
