   -1.35502194E+00    2.21933952E-04
   -1.31926305E+00    3.08089483E-04
   -1.28350416E+00    4.10717848E-04
   -1.24774527E+00    5.35154444E-04
   -1.21198638E+00    6.99623982E-04
   -1.17622749E+00    9.29072630E-04
   -1.14046860E+00    1.27300297E-03
   -1.10470971E+00    1.77296878E-03
   -1.06895082E+00    2.47332790E-03
   -1.03319193E+00    3.41276052E-03
   -9.97433042E-01    4.66420067E-03
   -9.61674152E-01    6.27764609E-03
   -9.25915262E-01    8.31570187E-03
   -8.90156372E-01    1.08576912E-02
   -8.54397481E-01    1.39415363E-02
   -8.18638591E-01    1.76732085E-02
   -7.82879701E-01    2.20252543E-02
   -7.47120811E-01    2.69389892E-02
   -7.11361921E-01    3.22677950E-02
   -6.75603031E-01    3.76094975E-02
   -6.39844141E-01    4.26943533E-02
   -6.04085251E-01    4.72988989E-02
   -5.68326361E-01    5.13068728E-02
   -5.32567471E-01    5.47605402E-02
   -4.96808581E-01    5.76004498E-02
   -4.61049691E-01    5.96340628E-02
   -4.25290801E-01    6.03974512E-02
   -3.89531911E-01    5.96949019E-02
   -3.53773021E-01    5.72258261E-02
   -3.18014131E-01    5.31628064E-02
   -2.82255241E-01    4.78925579E-02
   -2.46496351E-01    4.19217159E-02
   -2.10737461E-01    3.59802593E-02
   -1.74978571E-01    3.03358057E-02
   -1.39219681E-01    2.51909572E-02
   -1.03460790E-01    2.06651510E-02
   -6.77019004E-02    1.66610417E-02
   -3.19430104E-02    1.30319675E-02
    3.81587965E-03    9.88335859E-03
    3.95747697E-02    7.23161020E-03
    7.53336597E-02    5.03601712E-03
    1.11092550E-01    3.43798037E-03
    1.46851440E-01    2.27788486E-03
    1.82610330E-01    1.47748412E-03
    2.18369220E-01    9.41385135E-04
    2.54128110E-01    5.89824276E-04
    2.89887000E-01    3.73928243E-04
    3.25645890E-01    2.50500464E-04
    3.61404780E-01    1.78217195E-04
    3.97163670E-01    1.39899386E-04
    4.32922560E-01    1.18117254E-04
