    1.42868946E-01    1.06492256E-04
    1.86764366E-01    1.74258060E-04
    2.30659786E-01    2.91540638E-04
    2.74555205E-01    4.99238484E-04
    3.18450625E-01    8.10965548E-04
    3.62346045E-01    1.22969469E-03
    4.06241465E-01    1.75478734E-03
    4.50136884E-01    2.38508331E-03
    4.94032304E-01    3.17241998E-03
    5.37927724E-01    4.18381442E-03
    5.81823144E-01    5.53788576E-03
    6.25718563E-01    7.31263408E-03
    6.69613983E-01    9.56448136E-03
    7.13509403E-01    1.23253152E-02
    7.57404823E-01    1.56460873E-02
    8.01300243E-01    1.94951408E-02
    8.45195662E-01    2.37976707E-02
    8.89091082E-01    2.84230921E-02
    9.32986502E-01    3.31528511E-02
    9.76881922E-01    3.77579074E-02
    1.02077734E+00    4.20016796E-02
    1.06467276E+00    4.56832581E-02
    1.10856818E+00    4.86908210E-02
    1.15246360E+00    5.07569796E-02
    1.19635902E+00    5.19524522E-02
    1.24025444E+00    5.23485851E-02
    1.28414986E+00    5.21177199E-02
    1.32804528E+00    5.12914664E-02
    1.37194070E+00    4.98921961E-02
    1.41583612E+00    4.78316377E-02
    1.45973154E+00    4.51236236E-02
    1.50362696E+00    4.17644802E-02
    1.54752238E+00    3.78952224E-02
    1.59141780E+00    3.37915677E-02
    1.63531322E+00    2.94424012E-02
    1.67920864E+00    2.50851019E-02
    1.72310406E+00    2.09300083E-02
    1.76699948E+00    1.69778752E-02
    1.81089490E+00    1.32939384E-02
    1.85479032E+00    1.01307757E-02
    1.89868574E+00    7.53985034E-03
    1.94258116E+00    5.44933627E-03
    1.98647658E+00    3.80528805E-03
    2.03037200E+00    2.60546859E-03
    2.07426742E+00    1.81310861E-03
    2.11816284E+00    1.26077994E-03
    2.16205826E+00    9.13981827E-04
    2.20595367E+00    6.83622583E-04
    2.24984909E+00    5.45784786E-04
    2.29374451E+00    4.34604251E-04
    2.33763993E+00    3.25023815E-04
