    0.00000000E+00    3.03030303E-03    7.01185318E-06    3.02329118E-03
    5.30796596E-02    0.00000000E+00    1.06744303E-04   -1.06744303E-04
    1.06159319E-01    0.00000000E+00    8.75428986E-04   -8.75428986E-04
    1.59238979E-01    3.03030303E-03    3.94227056E-03   -9.11967529E-04
    2.12318638E-01    3.03030303E-03    1.06959816E-02   -7.66567853E-03
    2.65398298E-01    1.66666667E-02    1.96859195E-02   -3.01925288E-03
    3.18477958E-01    4.69696970E-02    2.75709188E-02    1.93987782E-02
    3.71557617E-01    5.15151515E-02    3.23796337E-02    1.91355178E-02
    4.24637277E-01    4.84848485E-02    3.43630164E-02    1.41218321E-02
    4.77716936E-01    3.93939394E-02    3.47549151E-02    4.63902425E-03
    5.30796596E-01    1.36363636E-02    3.46851202E-02   -2.10487566E-02
    5.83876256E-01    2.57575758E-02    3.48505937E-02   -9.09301795E-03
    6.36955915E-01    2.12121212E-02    3.55773944E-02   -1.43652732E-02
    6.90035575E-01    4.84848485E-02    3.69461769E-02    1.15386716E-02
    7.43115234E-01    3.03030303E-02    3.88709119E-02   -8.56788157E-03
    7.96194894E-01    3.78787879E-02    4.11306196E-02   -3.25183172E-03
    8.49274554E-01    5.15151515E-02    4.33852813E-02    8.12987021E-03
    9.02354213E-01    5.30303030E-02    4.52085278E-02    7.82177527E-03
    9.55433873E-01    5.15151515E-02    4.61573075E-02    5.35784397E-03
    1.00851353E+00    5.45454545E-02    4.58746174E-02    8.67083711E-03
    1.06159319E+00    4.69696970E-02    4.41932286E-02    2.77646840E-03
    1.11467285E+00    3.48484848E-02    4.11939818E-02   -6.34549697E-03
    1.16775251E+00    3.33333333E-02    3.71866776E-02   -3.85334426E-03
    1.22083217E+00    3.48484848E-02    3.26194788E-02    2.22900609E-03
    1.27391183E+00    1.06060606E-02    2.79581874E-02   -1.73521268E-02
    1.32699149E+00    1.06060606E-02    2.35853949E-02   -1.29793343E-02
    1.38007115E+00    2.12121212E-02    1.97496827E-02    1.46243854E-03
    1.43315081E+00    1.06060606E-02    1.65655426E-02   -5.95948202E-03
    1.48623047E+00    1.81818182E-02    1.40451190E-02    4.13669915E-03
    1.53931013E+00    1.96969697E-02    1.21394970E-02    7.55747269E-03
    1.59238979E+00    1.96969697E-02    1.07743787E-02    8.92259096E-03
    1.64546945E+00    7.57575758E-03    9.87410249E-03   -2.29834492E-03
    1.69854911E+00    1.21212121E-02    9.37406795E-03    2.74714417E-03
    1.75162877E+00    7.57575758E-03    9.22388167E-03   -1.64812410E-03
    1.80470843E+00    7.57575758E-03    9.38319257E-03   -1.80743499E-03
    1.85778809E+00    1.51515152E-03    9.81091040E-03   -8.29575888E-03
    1.91086775E+00    7.57575758E-03    1.04478763E-02   -2.87211876E-03
    1.96394741E+00    1.21212121E-02    1.11948098E-02    9.26402365E-04
    2.01702706E+00    1.06060606E-02    1.18930448E-02   -1.28698421E-03
    2.07010672E+00    9.09090909E-03    1.23242697E-02   -3.23336059E-03
    2.12318638E+00    2.87878788E-02    1.22497253E-02    1.65381535E-02
    2.17626604E+00    1.06060606E-02    1.14952565E-02   -8.89195922E-04
    2.22934570E+00    4.54545455E-03    1.00505478E-02   -5.50509325E-03
    2.28242536E+00    6.06060606E-03    8.11455432E-03   -2.05394826E-03
    2.33550502E+00    6.06060606E-03    6.03406612E-03    2.65399424E-05
    2.38858468E+00    4.54545455E-03    4.15946304E-03    3.85991503E-04
    2.44166434E+00    0.00000000E+00    2.71203828E-03   -2.71203828E-03
    2.49474400E+00    0.00000000E+00    1.74409323E-03   -1.74409323E-03
    2.54782366E+00    0.00000000E+00    1.19527668E-03   -1.19527668E-03
    2.60090332E+00    1.51515152E-03    9.99918828E-04    5.15232688E-04
    2.65398298E+00    1.51515152E-03    1.28569892E-03    2.29452595E-04
