   -7.82743565E-02    1.60898055E-04
   -1.66978710E-02    1.97406636E-04
    4.48786144E-02    2.39010831E-04
    1.06455100E-01    2.88936200E-04
    1.68031585E-01    3.76373226E-04
    2.29608071E-01    5.07961058E-04
    2.91184556E-01    6.94247369E-04
    3.52761042E-01    9.38090479E-04
    4.14337527E-01    1.27257438E-03
    4.75914012E-01    1.73908005E-03
    5.37490498E-01    2.41716056E-03
    5.99066983E-01    3.38678730E-03
    6.60643469E-01    4.80012924E-03
    7.22219954E-01    6.75986231E-03
    7.83796440E-01    9.34469907E-03
    8.45372925E-01    1.24899778E-02
    9.06949410E-01    1.62015800E-02
    9.68525896E-01    2.03959859E-02
    1.03010238E+00    2.50258231E-02
    1.09167887E+00    3.00842702E-02
    1.15325535E+00    3.53941203E-02
    1.21483184E+00    4.08277091E-02
    1.27640832E+00    4.60721419E-02
    1.33798481E+00    5.07955973E-02
    1.39956129E+00    5.47296205E-02
    1.46113778E+00    5.76035014E-02
    1.52271426E+00    5.93339705E-02
    1.58429075E+00    5.98354989E-02
    1.64586724E+00    5.91907100E-02
    1.70744372E+00    5.72344202E-02
    1.76902021E+00    5.40698562E-02
    1.83059669E+00    4.98318659E-02
    1.89217318E+00    4.45910092E-02
    1.95374966E+00    3.89174501E-02
    2.01532615E+00    3.29846334E-02
    2.07690263E+00    2.74818712E-02
    2.13847912E+00    2.24812107E-02
    2.20005560E+00    1.82137592E-02
    2.26163209E+00    1.45259709E-02
    2.32320858E+00    1.13464766E-02
    2.38478506E+00    8.68313190E-03
    2.44636155E+00    6.38118085E-03
    2.50793803E+00    4.46314723E-03
    2.56951452E+00    2.93067975E-03
    2.63109100E+00    1.85429551E-03
    2.69266749E+00    1.12555927E-03
    2.75424397E+00    6.63794680E-04
    2.81582046E+00    4.12094482E-04
    2.87739694E+00    2.98025424E-04
    2.93897343E+00    2.25469154E-04
    3.00054992E+00    1.80374438E-04
