        0.00000000    1.00000000E+00
        0.05307966    6.34891200E-01
        0.10615932    3.35219200E-01
        0.15923898    9.46672000E-02
        0.21231864   -9.28128000E-02
        0.26539830   -2.33000000E-01
        0.31847796   -3.31404800E-01
        0.37155762   -3.93268800E-01
        0.42463728   -4.23564800E-01
        0.47771694   -4.26996800E-01
        0.53079660   -4.08000000E-01
        0.58387626   -3.70740800E-01
        0.63695592   -3.19116800E-01
        0.69003557   -2.56756800E-01
        0.74311523   -1.87020800E-01
        0.79619489   -1.13000000E-01
        0.84927455   -3.75168000E-02
        0.90235421    3.68752000E-02
        0.95543387    1.07891200E-01
        1.00851353    1.73515200E-01
        1.06159319    2.32000000E-01
        1.11467285    2.81867200E-01
        1.16775251    3.21907200E-01
        1.22083217    3.51179200E-01
        1.27391183    3.69011200E-01
        1.32699149    3.75000000E-01
        1.38007115    3.69011200E-01
        1.43315081    3.51179200E-01
        1.48623047    3.21907200E-01
        1.53931013    2.81867200E-01
        1.59238979    2.32000000E-01
        1.64546945    1.73515200E-01
        1.69854911    1.07891200E-01
        1.75162877    3.68752000E-02
        1.80470843   -3.75168000E-02
        1.85778809   -1.13000000E-01
        1.91086775   -1.87020800E-01
        1.96394741   -2.56756800E-01
        2.01702706   -3.19116800E-01
        2.07010672   -3.70740800E-01
        2.12318638   -4.08000000E-01
        2.17626604   -4.26996800E-01
        2.22934570   -4.23564800E-01
        2.28242536   -3.93268800E-01
        2.33550502   -3.31404800E-01
        2.38858468   -2.33000000E-01
        2.44166434   -9.28128000E-02
        2.49474400    9.46672000E-02
        2.54782366    3.35219200E-01
        2.60090332    6.34891200E-01
        2.65398298    1.00000000E+00
