        0.00000000   -1.00000000E+00
        0.05307966   -9.60000000E-01
        0.10615932   -9.20000000E-01
        0.15923898   -8.80000000E-01
        0.21231864   -8.40000000E-01
        0.26539830   -8.00000000E-01
        0.31847796   -7.60000000E-01
        0.37155762   -7.20000000E-01
        0.42463728   -6.80000000E-01
        0.47771694   -6.40000000E-01
        0.53079660   -6.00000000E-01
        0.58387626   -5.60000000E-01
        0.63695592   -5.20000000E-01
        0.69003557   -4.80000000E-01
        0.74311523   -4.40000000E-01
        0.79619489   -4.00000000E-01
        0.84927455   -3.60000000E-01
        0.90235421   -3.20000000E-01
        0.95543387   -2.80000000E-01
        1.00851353   -2.40000000E-01
        1.06159319   -2.00000000E-01
        1.11467285   -1.60000000E-01
        1.16775251   -1.20000000E-01
        1.22083217   -8.00000000E-02
        1.27391183   -4.00000000E-02
        1.32699149    0.00000000E+00
        1.38007115    4.00000000E-02
        1.43315081    8.00000000E-02
        1.48623047    1.20000000E-01
        1.53931013    1.60000000E-01
        1.59238979    2.00000000E-01
        1.64546945    2.40000000E-01
        1.69854911    2.80000000E-01
        1.75162877    3.20000000E-01
        1.80470843    3.60000000E-01
        1.85778809    4.00000000E-01
        1.91086775    4.40000000E-01
        1.96394741    4.80000000E-01
        2.01702706    5.20000000E-01
        2.07010672    5.60000000E-01
        2.12318638    6.00000000E-01
        2.17626604    6.40000000E-01
        2.22934570    6.80000000E-01
        2.28242536    7.20000000E-01
        2.33550502    7.60000000E-01
        2.38858468    8.00000000E-01
        2.44166434    8.40000000E-01
        2.49474400    8.80000000E-01
        2.54782366    9.20000000E-01
        2.60090332    9.60000000E-01
        2.65398298    1.00000000E+00
