   -3.79363326E+00    1.31149660E-04
   -3.74765355E+00    1.85430034E-04
   -3.70167384E+00    2.54068206E-04
   -3.65569413E+00    3.46305973E-04
   -3.60971443E+00    4.66325179E-04
   -3.56373472E+00    6.34429876E-04
   -3.51775501E+00    8.85095059E-04
   -3.47177530E+00    1.24303564E-03
   -3.42579559E+00    1.73005892E-03
   -3.37981589E+00    2.36159637E-03
   -3.33383618E+00    3.13012514E-03
   -3.28785647E+00    4.02943312E-03
   -3.24187676E+00    5.08044879E-03
   -3.19589705E+00    6.31947007E-03
   -3.14991734E+00    7.81385404E-03
   -3.10393764E+00    9.66681302E-03
   -3.05795793E+00    1.18939337E-02
   -3.01197822E+00    1.45059675E-02
   -2.96599851E+00    1.74754054E-02
   -2.92001880E+00    2.08905870E-02
   -2.87403910E+00    2.47285064E-02
   -2.82805939E+00    2.90312239E-02
   -2.78207968E+00    3.36728802E-02
   -2.73609997E+00    3.85594368E-02
   -2.69012026E+00    4.34971576E-02
   -2.64414056E+00    4.81375123E-02
   -2.59816085E+00    5.21409573E-02
   -2.55218114E+00    5.51656579E-02
   -2.50620143E+00    5.69065563E-02
   -2.46022172E+00    5.74069068E-02
   -2.41424202E+00    5.66649837E-02
   -2.36826231E+00    5.48240666E-02
   -2.32228260E+00    5.20466749E-02
   -2.27630289E+00    4.85707546E-02
   -2.23032318E+00    4.43971607E-02
   -2.18434348E+00    3.96608614E-02
   -2.13836377E+00    3.43008715E-02
   -2.09238406E+00    2.87919887E-02
   -2.04640435E+00    2.33262465E-02
   -2.00042464E+00    1.83718696E-02
   -1.95444494E+00    1.41151273E-02
   -1.90846523E+00    1.06796295E-02
   -1.86248552E+00    7.92998503E-03
   -1.81650581E+00    5.84679535E-03
   -1.77052610E+00    4.28548081E-03
   -1.72454640E+00    3.01441670E-03
   -1.67856669E+00    2.06569405E-03
   -1.63258698E+00    1.32242908E-03
   -1.58660727E+00    8.04537037E-04
   -1.54062756E+00    4.49113976E-04
   -1.49464785E+00    2.40984679E-04
