        0.00000000   -1.00000000E+00
        0.05307966   -7.71840000E-01
        0.10615932   -5.66720000E-01
        0.15923898   -3.83680000E-01
        0.21231864   -2.21760000E-01
        0.26539830   -8.00000000E-02
        0.31847796    4.25600000E-02
        0.37155762    1.46880000E-01
        0.42463728    2.33920000E-01
        0.47771694    3.04640000E-01
        0.53079660    3.60000000E-01
        0.58387626    4.00960000E-01
        0.63695592    4.28480000E-01
        0.69003557    4.43520000E-01
        0.74311523    4.47040000E-01
        0.79619489    4.40000000E-01
        0.84927455    4.23360000E-01
        0.90235421    3.98080000E-01
        0.95543387    3.65120000E-01
        1.00851353    3.25440000E-01
        1.06159319    2.80000000E-01
        1.11467285    2.29760000E-01
        1.16775251    1.75680000E-01
        1.22083217    1.18720000E-01
        1.27391183    5.98400000E-02
        1.32699149    0.00000000E+00
        1.38007115   -5.98400000E-02
        1.43315081   -1.18720000E-01
        1.48623047   -1.75680000E-01
        1.53931013   -2.29760000E-01
        1.59238979   -2.80000000E-01
        1.64546945   -3.25440000E-01
        1.69854911   -3.65120000E-01
        1.75162877   -3.98080000E-01
        1.80470843   -4.23360000E-01
        1.85778809   -4.40000000E-01
        1.91086775   -4.47040000E-01
        1.96394741   -4.43520000E-01
        2.01702706   -4.28480000E-01
        2.07010672   -4.00960000E-01
        2.12318638   -3.60000000E-01
        2.17626604   -3.04640000E-01
        2.22934570   -2.33920000E-01
        2.28242536   -1.46880000E-01
        2.33550502   -4.25600000E-02
        2.38858468    8.00000000E-02
        2.44166434    2.21760000E-01
        2.49474400    3.83680000E-01
        2.54782366    5.66720000E-01
        2.60090332    7.71840000E-01
        2.65398298    1.00000000E+00
