        0.00000000    1.00000000E+00
        0.05307966    8.82400000E-01
        0.10615932    7.69600000E-01
        0.15923898    6.61600000E-01
        0.21231864    5.58400000E-01
        0.26539830    4.60000000E-01
        0.31847796    3.66400000E-01
        0.37155762    2.77600000E-01
        0.42463728    1.93600000E-01
        0.47771694    1.14400000E-01
        0.53079660    4.00000000E-02
        0.58387626   -2.96000000E-02
        0.63695592   -9.44000000E-02
        0.69003557   -1.54400000E-01
        0.74311523   -2.09600000E-01
        0.79619489   -2.60000000E-01
        0.84927455   -3.05600000E-01
        0.90235421   -3.46400000E-01
        0.95543387   -3.82400000E-01
        1.00851353   -4.13600000E-01
        1.06159319   -4.40000000E-01
        1.11467285   -4.61600000E-01
        1.16775251   -4.78400000E-01
        1.22083217   -4.90400000E-01
        1.27391183   -4.97600000E-01
        1.32699149   -5.00000000E-01
        1.38007115   -4.97600000E-01
        1.43315081   -4.90400000E-01
        1.48623047   -4.78400000E-01
        1.53931013   -4.61600000E-01
        1.59238979   -4.40000000E-01
        1.64546945   -4.13600000E-01
        1.69854911   -3.82400000E-01
        1.75162877   -3.46400000E-01
        1.80470843   -3.05600000E-01
        1.85778809   -2.60000000E-01
        1.91086775   -2.09600000E-01
        1.96394741   -1.54400000E-01
        2.01702706   -9.44000000E-02
        2.07010672   -2.96000000E-02
        2.12318638    4.00000000E-02
        2.17626604    1.14400000E-01
        2.22934570    1.93600000E-01
        2.28242536    2.77600000E-01
        2.33550502    3.66400000E-01
        2.38858468    4.60000000E-01
        2.44166434    5.58400000E-01
        2.49474400    6.61600000E-01
        2.54782366    7.69600000E-01
        2.60090332    8.82400000E-01
        2.65398298    1.00000000E+00
