        0.00000000   -1.00000000E+00
        0.05307966   -1.50595542E-01
        0.10615932    2.71286478E-01
        0.15923898    4.08294219E-01
        0.21231864    3.70334838E-01
        0.26539830    2.39651200E-01
        0.31847796    7.54114902E-02
        0.37155762   -8.21661182E-02
        0.42463728   -2.08131611E-01
        0.47771694   -2.89541946E-01
        0.53079660   -3.22598400E-01
        0.58387626   -3.10160302E-01
        0.63695592   -2.59613012E-01
        0.69003557   -1.81068013E-01
        0.74311523   -8.58729675E-02
        0.79619489    1.45904000E-02
        0.84927455    1.09842733E-01
        0.90235421    1.90999929E-01
        0.95543387    2.51244615E-01
        1.00851353    2.86098368E-01
        1.06159319    2.93516800E-01
        1.11467285    2.73829671E-01
        1.16775251    2.29548146E-01
        1.22083217    1.65061364E-01
        1.27391183    8.62444308E-02
        1.32699149    0.00000000E+00
        1.38007115   -8.62444308E-02
        1.43315081   -1.65061364E-01
        1.48623047   -2.29548146E-01
        1.53931013   -2.73829671E-01
        1.59238979   -2.93516800E-01
        1.64546945   -2.86098368E-01
        1.69854911   -2.51244615E-01
        1.75162877   -1.90999929E-01
        1.80470843   -1.09842733E-01
        1.85778809   -1.45904000E-02
        1.91086775    8.58729675E-02
        1.96394741    1.81068013E-01
        2.01702706    2.59613012E-01
        2.07010672    3.10160302E-01
        2.12318638    3.22598400E-01
        2.17626604    2.89541946E-01
        2.22934570    2.08131611E-01
        2.28242536    8.21661182E-02
        2.33550502   -7.54114902E-02
        2.38858468   -2.39651200E-01
        2.44166434   -3.70334838E-01
        2.49474400   -4.08294219E-01
        2.54782366   -2.71286478E-01
        2.60090332    1.50595542E-01
        2.65398298    1.00000000E+00
