        0.00000000   -1.00000000E+00
        0.05307966    4.05478452E-01
        0.10615932    2.85190273E-02
        0.15923898   -2.89309814E-01
        0.21231864   -2.32695009E-01
        0.26539830    9.97914088E-03
        0.31847796    2.10981361E-01
        0.37155762    2.58133638E-01
        0.42463728    1.59080400E-01
        0.47771694   -1.02417684E-02
        0.53079660   -1.61930834E-01
        0.58387626   -2.34755974E-01
        0.63695592   -2.09825411E-01
        0.69003557   -1.07159886E-01
        0.74311523    2.92587672E-02
        0.79619489    1.50134978E-01
        0.84927455    2.17020941E-01
        0.90235421    2.12254942E-01
        0.95543387    1.41422361E-01
        1.00851353    2.91352322E-02
        1.06159319   -8.96999629E-02
        1.11467285   -1.80326741E-01
        1.16775251   -2.17549674E-01
        1.22083217   -1.91958698E-01
        1.27391183   -1.11750197E-01
        1.32699149    0.00000000E+00
        1.38007115    1.11750197E-01
        1.43315081    1.91958698E-01
        1.48623047    2.17549674E-01
        1.53931013    1.80326741E-01
        1.59238979    8.96999629E-02
        1.64546945   -2.91352322E-02
        1.69854911   -1.41422361E-01
        1.75162877   -2.12254942E-01
        1.80470843   -2.17020941E-01
        1.85778809   -1.50134978E-01
        1.91086775   -2.92587672E-02
        1.96394741    1.07159886E-01
        2.01702706    2.09825411E-01
        2.07010672    2.34755974E-01
        2.12318638    1.61930834E-01
        2.17626604    1.02417684E-02
        2.22934570   -1.59080400E-01
        2.28242536   -2.58133638E-01
        2.33550502   -2.10981361E-01
        2.38858468   -9.97914088E-03
        2.44166434    2.32695009E-01
        2.49474400    2.89309814E-01
        2.54782366   -2.85190273E-02
        2.60090332   -4.05478452E-01
        2.65398298    1.00000000E+00
