        0.00000000    1.00000000E+00
        0.05307966   -4.60131459E-03
        0.10615932   -3.73700115E-01
        0.15923898   -3.83038113E-01
        0.21231864   -2.22797435E-01
        0.26539830   -1.66553000E-02
        0.31847796    1.62102660E-01
        0.37155762    2.77124841E-01
        0.42463728    3.17919533E-01
        0.47771694    2.90905170E-01
        0.53079660    2.12339200E-01
        0.58387626    1.02893106E-01
        0.63695592   -1.63456185E-02
        0.69003557   -1.26650445E-01
        0.74311523   -2.13404354E-01
        0.79619489   -2.66999300E-01
        0.84927455   -2.83052628E-01
        0.90235421   -2.62093236E-01
        0.95543387   -2.08856953E-01
        1.00851353   -1.31317333E-01
        1.06159319   -3.95648000E-02
        1.11467285    5.53662554E-02
        1.16775251    1.42636046E-01
        1.22083217    2.12630584E-01
        1.27391183    2.57825716E-01
        1.32699149    2.73437500E-01
        1.38007115    2.57825716E-01
        1.43315081    2.12630584E-01
        1.48623047    1.42636046E-01
        1.53931013    5.53662554E-02
        1.59238979   -3.95648000E-02
        1.64546945   -1.31317333E-01
        1.69854911   -2.08856953E-01
        1.75162877   -2.62093236E-01
        1.80470843   -2.83052628E-01
        1.85778809   -2.66999300E-01
        1.91086775   -2.13404354E-01
        1.96394741   -1.26650445E-01
        2.01702706   -1.63456185E-02
        2.07010672    1.02893106E-01
        2.12318638    2.12339200E-01
        2.17626604    2.90905170E-01
        2.22934570    3.17919533E-01
        2.28242536    2.77124841E-01
        2.33550502    1.62102660E-01
        2.38858468   -1.66553000E-02
        2.44166434   -2.22797435E-01
        2.49474400   -3.83038113E-01
        2.54782366   -3.73700115E-01
        2.60090332   -4.60131459E-03
        2.65398298    1.00000000E+00
