        0.00000000   -1.00000000E+00
        0.05307966    1.42206421E-01
        0.10615932    4.08264219E-01
        0.15923898    2.73766270E-01
        0.21231864    2.43187409E-02
        0.26539830   -1.87855280E-01
        0.31847796   -2.99739810E-01
        0.37155762   -3.03853234E-01
        0.42463728   -2.23344102E-01
        0.47771694   -9.43014094E-02
        0.53079660    4.61030400E-02
        0.58387626    1.66860005E-01
        0.63695592    2.46822151E-01
        0.69003557    2.75779081E-01
        0.74311523    2.53694257E-01
        0.79619489    1.88763560E-01
        0.84927455    9.48378019E-02
        0.90235421   -1.13569138E-02
        0.95543387   -1.12866425E-01
        1.00851353   -1.94779136E-01
        1.06159319   -2.45957120E-01
        1.11467285   -2.60137064E-01
        1.16775251   -2.36373634E-01
        1.22083217   -1.78852056E-01
        1.27391183   -9.61418815E-02
        1.32699149    0.00000000E+00
        1.38007115    9.61418815E-02
        1.43315081    1.78852056E-01
        1.48623047    2.36373634E-01
        1.53931013    2.60137064E-01
        1.59238979    2.45957120E-01
        1.64546945    1.94779136E-01
        1.69854911    1.12866425E-01
        1.75162877    1.13569138E-02
        1.80470843   -9.48378019E-02
        1.85778809   -1.88763560E-01
        1.91086775   -2.53694257E-01
        1.96394741   -2.75779081E-01
        2.01702706   -2.46822151E-01
        2.07010672   -1.66860005E-01
        2.12318638   -4.61030400E-02
        2.17626604    9.43014094E-02
        2.22934570    2.23344102E-01
        2.28242536    3.03853234E-01
        2.33550502    2.99739810E-01
        2.38858468    1.87855280E-01
        2.44166434   -2.43187409E-02
        2.49474400   -2.73766270E-01
        2.54782366   -4.08264219E-01
        2.60090332   -1.42206421E-01
        2.65398298    1.00000000E+00
