    4.27907292E+00    5.93871106E-04
    4.29046604E+00    1.09105701E-03
    4.30185917E+00    1.87329974E-03
    4.31325229E+00    3.01277016E-03
    4.32464541E+00    4.52967703E-03
    4.33603853E+00    6.47611769E-03
    4.34743166E+00    8.89529884E-03
    4.35882478E+00    1.18238245E-02
    4.37021790E+00    1.53911226E-02
    4.38161103E+00    1.95899617E-02
    4.39300415E+00    2.44488501E-02
    4.40439727E+00    2.99138032E-02
    4.41579039E+00    3.57776769E-02
    4.42718352E+00    4.16853898E-02
    4.43857664E+00    4.71522981E-02
    4.44996976E+00    5.16855516E-02
    4.46136289E+00    5.49428810E-02
    4.47275601E+00    5.68013828E-02
    4.48414913E+00    5.72597000E-02
    4.49554226E+00    5.65561680E-02
    4.50693538E+00    5.49577687E-02
    4.51832850E+00    5.23907267E-02
    4.52972162E+00    4.92698478E-02
    4.54111475E+00    4.54772043E-02
    4.55250787E+00    4.11879451E-02
    4.56390099E+00    3.66613804E-02
    4.57529412E+00    3.21727671E-02
    4.58668724E+00    2.79566139E-02
    4.59808036E+00    2.40311319E-02
    4.60947348E+00    2.05133699E-02
    4.62086661E+00    1.73613556E-02
    4.63225973E+00    1.45752013E-02
    4.64365285E+00    1.20986105E-02
    4.65504598E+00    9.88383503E-03
    4.66643910E+00    7.90503752E-03
    4.67783222E+00    6.16446840E-03
    4.68922534E+00    4.72189786E-03
    4.70061847E+00    3.50266013E-03
    4.71201159E+00    2.56894902E-03
    4.72340471E+00    1.83834889E-03
    4.73479784E+00    1.29667096E-03
    4.74619096E+00    9.37463784E-04
    4.75758408E+00    6.89251291E-04
    4.76897721E+00    5.05617698E-04
    4.78037033E+00    4.04139741E-04
    4.79176345E+00    3.20581450E-04
    4.80315657E+00    2.75664703E-04
    4.81454970E+00    2.48484201E-04
    4.82594282E+00    2.25876659E-04
    4.83733594E+00    1.95731393E-04
    4.84872907E+00    1.60696238E-04
