   -3.50406561E+00    3.79840424E-04
   -3.45545928E+00    4.98122610E-04
   -3.40685295E+00    6.52450393E-04
   -3.35824662E+00    8.69079618E-04
   -3.30964029E+00    1.18807678E-03
   -3.26103396E+00    1.62332713E-03
   -3.21242764E+00    2.19107911E-03
   -3.16382131E+00    2.87078451E-03
   -3.11521498E+00    3.67260047E-03
   -3.06660865E+00    4.53540049E-03
   -3.01800232E+00    5.50610107E-03
   -2.96939599E+00    6.64144550E-03
   -2.92078966E+00    8.04818792E-03
   -2.87218333E+00    9.86224756E-03
   -2.82357700E+00    1.21760880E-02
   -2.77497067E+00    1.49328660E-02
   -2.72636434E+00    1.80541334E-02
   -2.67775801E+00    2.13480154E-02
   -2.62915168E+00    2.47002787E-02
   -2.58054535E+00    2.79908619E-02
   -2.53193902E+00    3.12777067E-02
   -2.48333269E+00    3.45535723E-02
   -2.43472636E+00    3.79542114E-02
   -2.38612003E+00    4.13682235E-02
   -2.33751370E+00    4.46690397E-02
   -2.28890737E+00    4.76467509E-02
   -2.24030104E+00    4.99850218E-02
   -2.19169471E+00    5.14438678E-02
   -2.14308838E+00    5.19344785E-02
   -2.09448205E+00    5.13283223E-02
   -2.04587572E+00    4.97727432E-02
   -1.99726939E+00    4.74550419E-02
   -1.94866306E+00    4.44569387E-02
   -1.90005673E+00    4.08512494E-02
   -1.85145040E+00    3.68698787E-02
   -1.80284407E+00    3.25551179E-02
   -1.75423774E+00    2.80693006E-02
   -1.70563141E+00    2.36388607E-02
   -1.65702509E+00    1.94747642E-02
   -1.60841876E+00    1.58095179E-02
   -1.55981243E+00    1.26343030E-02
   -1.51120610E+00    9.97797064E-03
   -1.46259977E+00    7.81670337E-03
   -1.41399344E+00    6.04281736E-03
   -1.36538711E+00    4.59156240E-03
   -1.31678078E+00    3.40214821E-03
   -1.26817445E+00    2.48227608E-03
   -1.21956812E+00    1.72441164E-03
   -1.17096179E+00    1.18173813E-03
   -1.12235546E+00    7.83320852E-04
   -1.07374913E+00    5.07153303E-04
