        0.00000000   -1.00000000E+00
        0.05307966    3.38512846E-01
        0.10615932    2.91554376E-01
        0.15923898   -5.90335535E-02
        0.21231864   -2.81423934E-01
        0.26539830   -2.88213433E-01
        0.31847796   -1.43821354E-01
        0.37155762    4.76998423E-02
        0.42463728    1.99881616E-01
        0.47771694    2.65511939E-01
        0.53079660    2.37192745E-01
        0.58387626    1.37116342E-01
        0.63695592    3.09891503E-03
        0.69003557   -1.24685235E-01
        0.74311523   -2.13810579E-01
        0.79619489   -2.45553067E-01
        0.84927455   -2.16714367E-01
        0.90235421   -1.37997489E-01
        0.95543387   -2.99700891E-02
        1.00851353    8.22260664E-02
        1.06159319    1.74315336E-01
        1.11467285    2.27553072E-01
        1.16775251    2.31947641E-01
        1.22083217    1.87667850E-01
        1.27391183    1.04563396E-01
        1.32699149    0.00000000E+00
        1.38007115   -1.04563396E-01
        1.43315081   -1.87667850E-01
        1.48623047   -2.31947641E-01
        1.53931013   -2.27553072E-01
        1.59238979   -1.74315336E-01
        1.64546945   -8.22260664E-02
        1.69854911    2.99700891E-02
        1.75162877    1.37997489E-01
        1.80470843    2.16714367E-01
        1.85778809    2.45553067E-01
        1.91086775    2.13810579E-01
        1.96394741    1.24685235E-01
        2.01702706   -3.09891503E-03
        2.07010672   -1.37116342E-01
        2.12318638   -2.37192745E-01
        2.17626604   -2.65511939E-01
        2.22934570   -1.99881616E-01
        2.28242536   -4.76998423E-02
        2.33550502    1.43821354E-01
        2.38858468    2.88213433E-01
        2.44166434    2.81423934E-01
        2.49474400    5.90335535E-02
        2.54782366   -2.91554376E-01
        2.60090332   -3.38512846E-01
        2.65398298    1.00000000E+00
