   -2.10700462E+00    2.88608123E-04
   -2.06685747E+00    3.96938598E-04
   -2.02671033E+00    5.20235586E-04
   -1.98656319E+00    6.64173219E-04
   -1.94641604E+00    8.38573466E-04
   -1.90626890E+00    1.05269232E-03
   -1.86612176E+00    1.33770903E-03
   -1.82597461E+00    1.72880485E-03
   -1.78582747E+00    2.30019342E-03
   -1.74568033E+00    3.11077644E-03
   -1.70553318E+00    4.25125556E-03
   -1.66538604E+00    5.75153278E-03
   -1.62523890E+00    7.61024425E-03
   -1.58509176E+00    9.87113218E-03
   -1.54494461E+00    1.25605702E-02
   -1.50479747E+00    1.56889955E-02
   -1.46465033E+00    1.93095477E-02
   -1.42450318E+00    2.33424634E-02
   -1.38435604E+00    2.76869152E-02
   -1.34420890E+00    3.20936285E-02
   -1.30406175E+00    3.64088010E-02
   -1.26391461E+00    4.03925447E-02
   -1.22376747E+00    4.39689867E-02
   -1.18362032E+00    4.70829118E-02
   -1.14347318E+00    4.98349733E-02
   -1.10332604E+00    5.21762292E-02
   -1.06317889E+00    5.39168549E-02
   -1.02303175E+00    5.50059341E-02
   -9.82884608E-01    5.52005219E-02
   -9.42737465E-01    5.41877581E-02
   -9.02590322E-01    5.17883325E-02
   -8.62443179E-01    4.80411580E-02
   -8.22296036E-01    4.32173244E-02
   -7.82148892E-01    3.77820977E-02
   -7.42001749E-01    3.23830143E-02
   -7.01854606E-01    2.73096145E-02
   -6.61707463E-01    2.27400563E-02
   -6.21560320E-01    1.86525126E-02
   -5.81413177E-01    1.50279643E-02
   -5.41266034E-01    1.18512235E-02
   -5.01118890E-01    9.10360059E-03
   -4.60971747E-01    6.77399874E-03
   -4.20824604E-01    4.90406332E-03
   -3.80677461E-01    3.56957803E-03
   -3.40530318E-01    2.59320350E-03
   -3.00383175E-01    1.87060258E-03
   -2.60236032E-01    1.36285951E-03
   -2.20088888E-01    9.76105104E-04
   -1.79941745E-01    6.92586194E-04
   -1.39794602E-01    4.60710937E-04
   -9.96474590E-02    3.18887493E-04
