   -1.21735778E+00    8.80105417E-05
   -1.15623703E+00    1.01230708E-04
   -1.09511627E+00    1.16158205E-04
   -1.03399552E+00    1.33766683E-04
   -9.72874763E-01    1.60292607E-04
   -9.11754009E-01    1.97740485E-04
   -8.50633255E-01    2.58462297E-04
   -7.89512501E-01    3.42398212E-04
   -7.28391747E-01    4.59947810E-04
   -6.67270993E-01    6.18694841E-04
   -6.06150239E-01    8.41681770E-04
   -5.45029485E-01    1.17414226E-03
   -4.83908731E-01    1.63324755E-03
   -4.22787977E-01    2.30625883E-03
   -3.61667223E-01    3.30716701E-03
   -3.00546469E-01    4.70727051E-03
   -2.39425715E-01    6.58740120E-03
   -1.78304961E-01    9.01174821E-03
   -1.17184207E-01    1.18981649E-02
   -5.60634525E-02    1.52488976E-02
    5.05730154E-03    1.90656312E-02
    6.61780556E-02    2.32426941E-02
    1.27298810E-01    2.77928166E-02
    1.88419564E-01    3.26170453E-02
    2.49540318E-01    3.75779860E-02
    3.10661072E-01    4.26130635E-02
    3.71781826E-01    4.74071851E-02
    4.32902580E-01    5.17957698E-02
    4.94023334E-01    5.55231280E-02
    5.55144088E-01    5.82709244E-02
    6.16264842E-01    5.96802349E-02
    6.77385596E-01    5.97195636E-02
    7.38506350E-01    5.81229143E-02
    7.99627104E-01    5.50658090E-02
    8.60747858E-01    5.09034363E-02
    9.21868612E-01    4.58806630E-02
    9.82989366E-01    4.04680717E-02
    1.04411012E+00    3.51257140E-02
    1.10523087E+00    3.00878709E-02
    1.16635163E+00    2.54739233E-02
    1.22747238E+00    2.11963293E-02
    1.28859314E+00    1.72534647E-02
    1.34971389E+00    1.35860183E-02
    1.41083464E+00    1.03318949E-02
    1.47195540E+00    7.55808937E-03
    1.53307615E+00    5.30689045E-03
    1.59419691E+00    3.60253145E-03
    1.65531766E+00    2.39382283E-03
    1.71643841E+00    1.53521782E-03
    1.77755917E+00    9.96402587E-04
    1.83867992E+00    6.12211222E-04
