        0.00000000    1.00000000E+00
        0.05307966   -3.88890584E-01
        0.10615932   -1.68234777E-01
        0.15923898    2.03155919E-01
        0.21231864    3.04862968E-01
        0.26539830    1.66441618E-01
        0.31847796   -5.35211288E-02
        0.37155762   -2.18229744E-01
        0.42463728   -2.62742623E-01
        0.47771694   -1.90812517E-01
        0.53079660   -4.94141399E-02
        0.58387626    1.00459397E-01
        0.63695592    2.06964874E-01
        0.69003557    2.40775111E-01
        0.74311523    1.98669362E-01
        0.79619489    9.94882093E-02
        0.84927455   -2.45222033E-02
        0.90235421   -1.37918047E-01
        0.95543387   -2.11264231E-01
        1.00851353   -2.27578469E-01
        1.06159319   -1.85136902E-01
        1.11467285   -9.65973101E-02
        1.16775251    1.49246908E-02
        1.22083217    1.21724442E-01
        1.27391183    1.97991804E-01
        1.32699149    2.25585938E-01
        1.38007115    1.97991804E-01
        1.43315081    1.21724442E-01
        1.48623047    1.49246908E-02
        1.53931013   -9.65973101E-02
        1.59238979   -1.85136902E-01
        1.64546945   -2.27578469E-01
        1.69854911   -2.11264231E-01
        1.75162877   -1.37918047E-01
        1.80470843   -2.45222033E-02
        1.85778809    9.94882093E-02
        1.91086775    1.98669362E-01
        1.96394741    2.40775111E-01
        2.01702706    2.06964874E-01
        2.07010672    1.00459397E-01
        2.12318638   -4.94141399E-02
        2.17626604   -1.90812517E-01
        2.22934570   -2.62742623E-01
        2.28242536   -2.18229744E-01
        2.33550502   -5.35211288E-02
        2.38858468    1.66441618E-01
        2.44166434    3.04862968E-01
        2.49474400    2.03155919E-01
        2.54782366   -1.68234777E-01
        2.60090332   -3.88890584E-01
        2.65398298    1.00000000E+00
