        0.00000000    1.00000000E+00
        0.05307966    3.15055189E-01
        0.10615932   -1.07736068E-01
        0.15923898   -3.32168397E-01
        0.21231864   -4.11977069E-01
        0.26539830   -3.91796000E-01
        0.31847796   -3.08073181E-01
        0.37155762   -1.89943522E-01
        0.42463728   -6.00591196E-02
        0.47771694    6.46230454E-02
        0.53079660    1.72096000E-01
        0.58387626    2.54600241E-01
        0.63695592    3.07963777E-01
        0.69003557    3.30984750E-01
        0.74311523    3.24856631E-01
        0.79619489    2.92636000E-01
        0.84927455    2.38752895E-01
        0.90235421    1.68563748E-01
        0.95543387    8.79468913E-02
        1.00851353    2.94064922E-03
        1.06159319   -8.05760000E-02
        1.11467285   -1.57160179E-01
        1.16775251   -2.22039290E-01
        1.22083217   -2.71302615E-01
        1.27391183   -3.02050341E-01
        1.32699149   -3.12500000E-01
        1.38007115   -3.02050341E-01
        1.43315081   -2.71302615E-01
        1.48623047   -2.22039290E-01
        1.53931013   -1.57160179E-01
        1.59238979   -8.05760000E-02
        1.64546945    2.94064922E-03
        1.69854911    8.79468913E-02
        1.75162877    1.68563748E-01
        1.80470843    2.38752895E-01
        1.85778809    2.92636000E-01
        1.91086775    3.24856631E-01
        1.96394741    3.30984750E-01
        2.01702706    3.07963777E-01
        2.07010672    2.54600241E-01
        2.12318638    1.72096000E-01
        2.17626604    6.46230454E-02
        2.22934570   -6.00591196E-02
        2.28242536   -1.89943522E-01
        2.33550502   -3.08073181E-01
        2.38858468   -3.91796000E-01
        2.44166434   -4.11977069E-01
        2.49474400   -3.32168397E-01
        2.54782366   -1.07736068E-01
        2.60090332    3.15055189E-01
        2.65398298    1.00000000E+00
