        0.00000000        0.00000701        0.00001792
        0.05307966        0.00010674        0.00013085
        0.10615932        0.00087543        0.00056133
        0.15923898        0.00394227        0.00137287
        0.21231864        0.01069598        0.00210860
        0.26539830        0.01968592        0.00259193
        0.31847796        0.02757092        0.00298741
        0.37155762        0.03237963        0.00308003
        0.42463728        0.03436302        0.00286216
        0.47771694        0.03475492        0.00260072
        0.53079660        0.03468512        0.00247278
        0.58387626        0.03485059        0.00246360
        0.63695592        0.03557739        0.00248646
        0.69003557        0.03694618        0.00248218
        0.74311523        0.03887091        0.00243752
        0.79619489        0.04113062        0.00237902
        0.84927455        0.04338528        0.00235800
        0.90235421        0.04520853        0.00241186
        0.95543387        0.04615731        0.00251927
        1.00851353        0.04587462        0.00260655
        1.06159319        0.04419323        0.00260389
        1.11467285        0.04119398        0.00249111
        1.16775251        0.03718668        0.00230218
        1.22083217        0.03261948        0.00209551
        1.27391183        0.02795819        0.00191468
        1.32699149        0.02358539        0.00176892
        1.38007115        0.01974968        0.00164459
        1.43315081        0.01656554        0.00152739
        1.48623047        0.01404512        0.00141302
        1.53931013        0.01213950        0.00130552
        1.59238979        0.01077438        0.00121243
        1.64546945        0.00987410        0.00114167
        1.69854911        0.00937407        0.00110074
        1.75162877        0.00922388        0.00109681
        1.80470843        0.00938319        0.00113598
        1.85778809        0.00981091        0.00122015
        1.91086775        0.01044788        0.00134174
        1.96394741        0.01119481        0.00147864
        2.01702706        0.01189304        0.00159465
        2.07010672        0.01232427        0.00165235
        2.12318638        0.01224973        0.00163954
        2.17626604        0.01149526        0.00158689
        2.22934570        0.01005055        0.00153227
        2.28242536        0.00811455        0.00145460
        2.33550502        0.00603407        0.00129721
        2.38858468        0.00415946        0.00105732
        2.44166434        0.00271204        0.00080206
        2.49474400        0.00174409        0.00061051
        2.54782366        0.00119528        0.00053483
        2.60090332        0.00099992        0.00064504
        2.65398298        0.00128570        0.00133881
