        0.00000000    1.00000000E+00
        0.05307966   -3.89601706E-01
        0.10615932    1.05617104E-01
        0.15923898    3.02355302E-01
        0.21231864    9.38788729E-02
        0.26539830   -1.69949320E-01
        0.31847796   -2.59540203E-01
        0.37155762   -1.55795089E-01
        0.42463728    3.53527113E-02
        0.47771694    1.89824320E-01
        0.53079660    2.33261666E-01
        0.58387626    1.60252726E-01
        0.63695592    1.82432434E-02
        0.69003557   -1.24377452E-01
        0.74311523   -2.09306847E-01
        0.79619489   -2.08200320E-01
        0.84927455   -1.27903922E-01
        0.90235421   -2.92486355E-03
        0.95543387    1.19805854E-01
        1.00851353    1.97837414E-01
        1.06159319    2.06511395E-01
        1.11467285    1.45341182E-01
        1.16775251    3.64885689E-02
        1.22083217   -8.34133537E-02
        1.27391183   -1.75228803E-01
        1.32699149   -2.09472656E-01
        1.38007115   -1.75228803E-01
        1.43315081   -8.34133537E-02
        1.48623047    3.64885689E-02
        1.53931013    1.45341182E-01
        1.59238979    2.06511395E-01
        1.64546945    1.97837414E-01
        1.69854911    1.19805854E-01
        1.75162877   -2.92486355E-03
        1.80470843   -1.27903922E-01
        1.85778809   -2.08200320E-01
        1.91086775   -2.09306847E-01
        1.96394741   -1.24377452E-01
        2.01702706    1.82432434E-02
        2.07010672    1.60252726E-01
        2.12318638    2.33261666E-01
        2.17626604    1.89824320E-01
        2.22934570    3.53527113E-02
        2.28242536   -1.55795089E-01
        2.33550502   -2.59540203E-01
        2.38858468   -1.69949320E-01
        2.44166434    9.38788729E-02
        2.49474400    3.02355302E-01
        2.54782366    1.05617104E-01
        2.60090332   -3.89601706E-01
        2.65398298    1.00000000E+00
