        0.00000000    1.00000000E+00
        0.05307966   -2.55243329E-01
        0.10615932   -3.77315752E-01
        0.15923898   -1.13002901E-01
        0.21231864    1.61704981E-01
        0.26539830    3.00529796E-01
        0.31847796    2.86931891E-01
        0.37155762    1.66258867E-01
        0.42463728    2.43300004E-03
        0.47771694   -1.47144139E-01
        0.53079660   -2.43662746E-01
        0.58387626   -2.70142841E-01
        0.63695592   -2.29149229E-01
        0.69003557   -1.37525122E-01
        0.74311523   -2.00244798E-02
        0.79619489    9.68390644E-02
        0.84927455    1.89878309E-01
        0.90235421    2.42788916E-01
        0.95543387    2.48016196E-01
        1.00851353    2.07004886E-01
        1.06159319    1.29072026E-01
        1.11467285    2.92520377E-02
        1.16775251   -7.44792527E-02
        1.22083217   -1.64182013E-01
        1.27391183   -2.24736361E-01
        1.32699149   -2.46093750E-01
        1.38007115   -2.24736361E-01
        1.43315081   -1.64182013E-01
        1.48623047   -7.44792527E-02
        1.53931013    2.92520377E-02
        1.59238979    1.29072026E-01
        1.64546945    2.07004886E-01
        1.69854911    2.48016196E-01
        1.75162877    2.42788916E-01
        1.80470843    1.89878309E-01
        1.85778809    9.68390644E-02
        1.91086775   -2.00244798E-02
        1.96394741   -1.37525122E-01
        2.01702706   -2.29149229E-01
        2.07010672   -2.70142841E-01
        2.12318638   -2.43662746E-01
        2.17626604   -1.47144139E-01
        2.22934570    2.43300004E-03
        2.28242536    1.66258867E-01
        2.33550502    2.86931891E-01
        2.38858468    3.00529796E-01
        2.44166434    1.61704981E-01
        2.49474400   -1.13002901E-01
        2.54782366   -3.77315752E-01
        2.60090332   -2.55243329E-01
        2.65398298    1.00000000E+00
