        0.07410797   -1.00000000E+00
        0.10511992    1.42206421E-01
        0.13613187    4.08264219E-01
        0.16714382    2.73766270E-01
        0.19815577    2.43187409E-02
        0.22916771   -1.87855280E-01
        0.26017966   -2.99739810E-01
        0.29119161   -3.03853234E-01
        0.32220356   -2.23344102E-01
        0.35321551   -9.43014094E-02
        0.38422745    4.61030400E-02
        0.41523940    1.66860005E-01
        0.44625135    2.46822151E-01
        0.47726330    2.75779081E-01
        0.50827525    2.53694257E-01
        0.53928720    1.88763560E-01
        0.57029914    9.48378019E-02
        0.60131109   -1.13569138E-02
        0.63232304   -1.12866425E-01
        0.66333499   -1.94779136E-01
        0.69434694   -2.45957120E-01
        0.72535889   -2.60137064E-01
        0.75637083   -2.36373634E-01
        0.78738278   -1.78852056E-01
        0.81839473   -9.61418815E-02
        0.84940668    0.00000000E+00
        0.88041863    9.61418815E-02
        0.91143057    1.78852056E-01
        0.94244252    2.36373634E-01
        0.97345447    2.60137064E-01
        1.00446642    2.45957120E-01
        1.03547837    1.94779136E-01
        1.06649032    1.12866425E-01
        1.09750226    1.13569138E-02
        1.12851421   -9.48378019E-02
        1.15952616   -1.88763560E-01
        1.19053811   -2.53694257E-01
        1.22155006   -2.75779081E-01
        1.25256201   -2.46822151E-01
        1.28357395   -1.66860005E-01
        1.31458590   -4.61030400E-02
        1.34559785    9.43014094E-02
        1.37660980    2.23344102E-01
        1.40762175    3.03853234E-01
        1.43863370    2.99739810E-01
        1.46964564    1.87855280E-01
        1.50065759   -2.43187409E-02
        1.53166954   -2.73766270E-01
        1.56268149   -4.08264219E-01
        1.59369344   -1.42206421E-01
        1.62470538    1.00000000E+00
