    7.41079722E-02    4.54545455E-03    1.09135336E-03    3.45410118E-03
    1.05119920E-01    4.54545455E-03    4.24154303E-03    3.03911513E-04
    1.36131869E-01    2.57575758E-02    1.41708733E-02    1.15867024E-02
    1.67143817E-01    5.30303030E-02    3.49536569E-02    1.80766461E-02
    1.98155765E-01    7.57575758E-02    6.18884192E-02    1.38691565E-02
    2.29167713E-01    5.60606061E-02    8.10029507E-02   -2.49423446E-02
    2.60179662E-01    8.33333333E-02    8.26926984E-02    6.40634962E-04
    2.91191610E-01    8.63636364E-02    7.00808083E-02    1.62828280E-02
    3.22203558E-01    4.39393939E-02    5.25241669E-02   -8.58477292E-03
    3.53215506E-01    1.81818182E-02    3.69380595E-02   -1.87562413E-02
    3.84227455E-01    1.96969697E-02    2.56708595E-02   -5.97388979E-03
    4.15239403E-01    2.57575758E-02    1.83865532E-02    7.37102258E-03
    4.46251351E-01    9.09090909E-03    1.39985647E-02   -4.90765564E-03
    4.77263299E-01    7.57575758E-03    1.15529483E-02   -3.97719068E-03
    5.08275248E-01    7.57575758E-03    1.04270939E-02   -2.85133633E-03
    5.39287196E-01    4.54545455E-03    1.02847968E-02   -5.73934227E-03
    5.70299144E-01    1.06060606E-02    1.09916876E-02   -3.85626999E-04
    6.01311092E-01    1.36363636E-02    1.25433568E-02    1.09300679E-03
    6.32323041E-01    2.12121212E-02    1.49997274E-02    6.21239384E-03
    6.63334989E-01    2.87878788E-02    1.84043191E-02    1.03835597E-02
    6.94346937E-01    3.48484848E-02    2.26751379E-02    1.21733469E-02
    7.25358885E-01    2.87878788E-02    2.74848806E-02    1.30299815E-03
    7.56370834E-01    2.42424242E-02    3.21953572E-02   -7.95293294E-03
    7.87382782E-01    4.69696970E-02    3.59360047E-02    1.10336923E-02
    8.18394730E-01    3.03030303E-02    3.78620290E-02   -7.55899870E-03
    8.49406678E-01    3.63636364E-02    3.74928928E-02   -1.12925646E-03
    8.80418627E-01    2.12121212E-02    3.49273801E-02   -1.37152589E-02
    9.11430575E-01    3.18181818E-02    3.07877401E-02    1.03044169E-03
    9.42442523E-01    2.27272727E-02    2.59368810E-02   -3.20960831E-03
    9.73454471E-01    2.42424242E-02    2.11583622E-02    3.08406202E-03
    1.00446642E+00    1.21212121E-02    1.69660632E-02   -4.84485109E-03
    1.03547837E+00    1.21212121E-02    1.35808279E-02   -1.45961573E-03
    1.06649032E+00    1.06060606E-02    1.10099135E-02   -4.03852928E-04
    1.09750226E+00    1.21212121E-02    9.14791082E-03    2.97330130E-03
    1.12851421E+00    1.06060606E-02    7.85186374E-03    2.75419687E-03
    1.15952616E+00    6.06060606E-03    6.97986159E-03   -9.19255526E-04
    1.19053811E+00    4.54545455E-03    6.40108558E-03   -1.85563104E-03
    1.22155006E+00    6.06060606E-03    5.98998237E-03    7.06236952E-05
    1.25256201E+00    3.03030303E-03    5.61793345E-03   -2.58763042E-03
    1.28357395E+00    4.54545455E-03    5.15761190E-03   -6.12157359E-04
    1.31458590E+00    4.54545455E-03    4.51307749E-03    3.23770539E-05
    1.34559785E+00    3.03030303E-03    3.66940445E-03   -6.39101418E-04
    1.37660980E+00    0.00000000E+00    2.72083041E-03   -2.72083041E-03
    1.40762175E+00    3.03030303E-03    1.82994862E-03    1.20035441E-03
    1.43863370E+00    3.03030303E-03    1.13288267E-03    1.89742036E-03
    1.46964564E+00    0.00000000E+00    6.72922667E-04   -6.72922667E-04
    1.50065759E+00    0.00000000E+00    4.13664279E-04   -4.13664279E-04
    1.53166954E+00    0.00000000E+00    2.97261835E-04   -2.97261835E-04
    1.56268149E+00    0.00000000E+00    3.03615325E-04   -3.03615325E-04
    1.59369344E+00    1.51515152E-03    6.17280459E-04    8.97871056E-04
    1.62470538E+00    1.51515152E-03    4.74126344E-03   -3.22611192E-03
