   -1.72375902E+00    1.36743113E-04
   -1.67677115E+00    1.84118328E-04
   -1.62978327E+00    2.38508182E-04
   -1.58279539E+00    3.02533068E-04
   -1.53580752E+00    3.71592256E-04
   -1.48881964E+00    4.39774663E-04
   -1.44183177E+00    4.91756770E-04
   -1.39484389E+00    5.27713094E-04
   -1.34785601E+00    5.59266409E-04
   -1.30086814E+00    6.01813543E-04
   -1.25388026E+00    7.14435808E-04
   -1.20689239E+00    9.47714892E-04
   -1.15990451E+00    1.31992850E-03
   -1.11291664E+00    1.82903882E-03
   -1.06592876E+00    2.51044051E-03
   -1.01894088E+00    3.38311241E-03
   -9.71953008E-01    4.55792351E-03
   -9.24965132E-01    6.15833730E-03
   -8.77977256E-01    8.33736171E-03
   -8.30989380E-01    1.12022126E-02
   -7.84001504E-01    1.47850292E-02
   -7.37013628E-01    1.90349017E-02
   -6.90025752E-01    2.39165420E-02
   -6.43037876E-01    2.92945532E-02
   -5.96050000E-01    3.49343059E-02
   -5.49062124E-01    4.06283851E-02
   -5.02074248E-01    4.59891872E-02
   -4.55086373E-01    5.07970961E-02
   -4.08098497E-01    5.48845388E-02
   -3.61110621E-01    5.81064896E-02
   -3.14122745E-01    6.04124104E-02
   -2.67134869E-01    6.15851458E-02
   -2.20146993E-01    6.13509904E-02
   -1.73159117E-01    5.95494720E-02
   -1.26171241E-01    5.62838879E-02
   -7.91833652E-02    5.15162544E-02
   -3.21954893E-02    4.57081410E-02
    1.47923866E-02    3.93772694E-02
    6.17802626E-02    3.29607074E-02
    1.08768138E-01    2.69759438E-02
    1.55756014E-01    2.17682001E-02
    2.02743890E-01    1.73530800E-02
    2.49731766E-01    1.36386635E-02
    2.96719642E-01    1.05875323E-02
    3.43707518E-01    8.04480314E-03
    3.90695394E-01    5.87965847E-03
    4.37683270E-01    4.09026194E-03
    4.84671146E-01    2.66913983E-03
    5.31659022E-01    1.63643422E-03
    5.78646898E-01    9.36063497E-04
    6.25634774E-01    4.90586077E-04
