   -3.06275988E+00    1.43993603E-04
   -3.02683640E+00    1.70841247E-04
   -2.99091292E+00    1.98492826E-04
   -2.95498944E+00    2.33590358E-04
   -2.91906596E+00    2.78307702E-04
   -2.88314248E+00    3.36090920E-04
   -2.84721900E+00    4.06477620E-04
   -2.81129552E+00    4.78378446E-04
   -2.77537204E+00    5.55115923E-04
   -2.73944856E+00    6.53866540E-04
   -2.70352508E+00    7.86241341E-04
   -2.66760160E+00    9.73630872E-04
   -2.63167813E+00    1.23154982E-03
   -2.59575465E+00    1.57207590E-03
   -2.55983117E+00    2.00929439E-03
   -2.52390769E+00    2.56746012E-03
   -2.48798421E+00    3.25569358E-03
   -2.45206073E+00    4.14129647E-03
   -2.41613725E+00    5.28724742E-03
   -2.38021377E+00    6.77424346E-03
   -2.34429029E+00    8.71221544E-03
   -2.30836681E+00    1.11610250E-02
   -2.27244333E+00    1.41804292E-02
   -2.23651985E+00    1.77572119E-02
   -2.20059637E+00    2.18138281E-02
   -2.16467289E+00    2.62567797E-02
   -2.12874942E+00    3.08754345E-02
   -2.09282594E+00    3.55946288E-02
   -2.05690246E+00    4.03121263E-02
   -2.02097898E+00    4.48741584E-02
   -1.98505550E+00    4.90613278E-02
   -1.94913202E+00    5.26259121E-02
   -1.91320854E+00    5.54797654E-02
   -1.87728506E+00    5.74717521E-02
   -1.84136158E+00    5.84731118E-02
   -1.80543810E+00    5.83957154E-02
   -1.76951462E+00    5.70652168E-02
   -1.73359114E+00    5.43211229E-02
   -1.69766766E+00    5.02540053E-02
   -1.66174419E+00    4.52901024E-02
   -1.62582071E+00    3.95918399E-02
   -1.58989723E+00    3.36739062E-02
   -1.55397375E+00    2.78708210E-02
   -1.51805027E+00    2.23750722E-02
   -1.48212679E+00    1.73997255E-02
   -1.44620331E+00    1.29863738E-02
   -1.41027983E+00    9.26372926E-03
   -1.37435635E+00    6.40836019E-03
   -1.33843287E+00    4.17106913E-03
   -1.30250939E+00    2.66581041E-03
   -1.26658591E+00    1.56353464E-03
