   -2.34434238E+00    1.26832489E-04
   -2.31669264E+00    1.58158974E-04
   -2.28904290E+00    1.84394820E-04
   -2.26139317E+00    2.04083330E-04
   -2.23374343E+00    2.19665318E-04
   -2.20609369E+00    2.45789086E-04
   -2.17844396E+00    3.03897434E-04
   -2.15079422E+00    4.23725258E-04
   -2.12314448E+00    6.30019694E-04
   -2.09549475E+00    9.29715727E-04
   -2.06784501E+00    1.32872013E-03
   -2.04019527E+00    1.82553959E-03
   -2.01254553E+00    2.43451986E-03
   -1.98489580E+00    3.20291691E-03
   -1.95724606E+00    4.20977951E-03
   -1.92959632E+00    5.54410552E-03
   -1.90194659E+00    7.22952776E-03
   -1.87429685E+00    9.22064932E-03
   -1.84664711E+00    1.14775091E-02
   -1.81899738E+00    1.40753712E-02
   -1.79134764E+00    1.70059968E-02
   -1.76369790E+00    2.02971941E-02
   -1.73604817E+00    2.39399821E-02
   -1.70839843E+00    2.78043262E-02
   -1.68074869E+00    3.18388794E-02
   -1.65309896E+00    3.60455882E-02
   -1.62544922E+00    4.03640891E-02
   -1.59779948E+00    4.46838934E-02
   -1.57014975E+00    4.86695066E-02
   -1.54250001E+00    5.19885058E-02
   -1.51485027E+00    5.43199683E-02
   -1.48720054E+00    5.54887258E-02
   -1.45955080E+00    5.55803828E-02
   -1.43190106E+00    5.46559152E-02
   -1.40425133E+00    5.28497939E-02
   -1.37660159E+00    5.01221462E-02
   -1.34895185E+00    4.65684750E-02
   -1.32130212E+00    4.21300506E-02
   -1.29365238E+00    3.70856363E-02
   -1.26600264E+00    3.18111061E-02
   -1.23835291E+00    2.65953195E-02
   -1.21070317E+00    2.17774305E-02
   -1.18305343E+00    1.75142394E-02
   -1.15540370E+00    1.37934791E-02
   -1.12775396E+00    1.05537978E-02
   -1.10010422E+00    7.80094479E-03
   -1.07245449E+00    5.66730705E-03
   -1.04480475E+00    3.86743525E-03
   -1.01715501E+00    2.56558646E-03
   -9.89505277E-01    1.63097999E-03
   -9.61855541E-01    1.00839741E-03
