        0.07410797    1.00000000E+00
        0.10511992   -3.88890584E-01
        0.13613187   -1.68234777E-01
        0.16714382    2.03155919E-01
        0.19815577    3.04862968E-01
        0.22916771    1.66441618E-01
        0.26017966   -5.35211288E-02
        0.29119161   -2.18229744E-01
        0.32220356   -2.62742623E-01
        0.35321551   -1.90812517E-01
        0.38422745   -4.94141399E-02
        0.41523940    1.00459397E-01
        0.44625135    2.06964874E-01
        0.47726330    2.40775111E-01
        0.50827525    1.98669362E-01
        0.53928720    9.94882093E-02
        0.57029914   -2.45222033E-02
        0.60131109   -1.37918047E-01
        0.63232304   -2.11264231E-01
        0.66333499   -2.27578469E-01
        0.69434694   -1.85136902E-01
        0.72535889   -9.65973101E-02
        0.75637083    1.49246908E-02
        0.78738278    1.21724442E-01
        0.81839473    1.97991804E-01
        0.84940668    2.25585938E-01
        0.88041863    1.97991804E-01
        0.91143057    1.21724442E-01
        0.94244252    1.49246908E-02
        0.97345447   -9.65973101E-02
        1.00446642   -1.85136902E-01
        1.03547837   -2.27578469E-01
        1.06649032   -2.11264231E-01
        1.09750226   -1.37918047E-01
        1.12851421   -2.45222033E-02
        1.15952616    9.94882093E-02
        1.19053811    1.98669362E-01
        1.22155006    2.40775111E-01
        1.25256201    2.06964874E-01
        1.28357395    1.00459397E-01
        1.31458590   -4.94141399E-02
        1.34559785   -1.90812517E-01
        1.37660980   -2.62742623E-01
        1.40762175   -2.18229744E-01
        1.43863370   -5.35211288E-02
        1.46964564    1.66441618E-01
        1.50065759    3.04862968E-01
        1.53166954    2.03155919E-01
        1.56268149   -1.68234777E-01
        1.59369344   -3.88890584E-01
        1.62470538    1.00000000E+00
