        0.07410797   -1.00000000E+00
        0.10511992    3.44654211E-01
        0.13613187   -2.14475381E-01
        0.16714382   -2.44384661E-01
        0.19815577    6.47227188E-02
        0.22916771    2.53541084E-01
        0.26017966    1.84435136E-01
        0.29119161   -2.40579651E-02
        0.32220356   -1.94952071E-01
        0.35321551   -2.25316975E-01
        0.38422745   -1.19448088E-01
        0.41523940    4.56052913E-02
        0.44625135    1.77496510E-01
        0.47726330    2.15438169E-01
        0.50827525    1.50742175E-01
        0.53928720    2.08822681E-02
        0.57029914   -1.13531749E-01
        0.60131109   -1.96295097E-01
        0.63232304   -1.96849106E-01
        0.66333499   -1.18989444E-01
        0.69434694    3.86889269E-03
        0.72535889    1.23346086E-01
        0.75637083    1.94581015E-01
        0.78738278    1.92062717E-01
        0.81839473    1.17851211E-01
        0.84940668    0.00000000E+00
        0.88041863   -1.17851211E-01
        0.91143057   -1.92062717E-01
        0.94244252   -1.94581015E-01
        0.97345447   -1.23346086E-01
        1.00446642   -3.86889269E-03
        1.03547837    1.18989444E-01
        1.06649032    1.96849106E-01
        1.09750226    1.96295097E-01
        1.12851421    1.13531749E-01
        1.15952616   -2.08822681E-02
        1.19053811   -1.50742175E-01
        1.22155006   -2.15438169E-01
        1.25256201   -1.77496510E-01
        1.28357395   -4.56052913E-02
        1.31458590    1.19448088E-01
        1.34559785    2.25316975E-01
        1.37660980    1.94952071E-01
        1.40762175    2.40579651E-02
        1.43863370   -1.84435136E-01
        1.46964564   -2.53541084E-01
        1.50065759   -6.47227188E-02
        1.53166954    2.44384661E-01
        1.56268149    2.14475381E-01
        1.59369344   -3.44654211E-01
        1.62470538    1.00000000E+00
