        0.07410797    1.00000000E+00
        0.10511992   -2.55243329E-01
        0.13613187   -3.77315752E-01
        0.16714382   -1.13002901E-01
        0.19815577    1.61704981E-01
        0.22916771    3.00529796E-01
        0.26017966    2.86931891E-01
        0.29119161    1.66258867E-01
        0.32220356    2.43300004E-03
        0.35321551   -1.47144139E-01
        0.38422745   -2.43662746E-01
        0.41523940   -2.70142841E-01
        0.44625135   -2.29149229E-01
        0.47726330   -1.37525122E-01
        0.50827525   -2.00244798E-02
        0.53928720    9.68390644E-02
        0.57029914    1.89878309E-01
        0.60131109    2.42788916E-01
        0.63232304    2.48016196E-01
        0.66333499    2.07004886E-01
        0.69434694    1.29072026E-01
        0.72535889    2.92520377E-02
        0.75637083   -7.44792527E-02
        0.78738278   -1.64182013E-01
        0.81839473   -2.24736361E-01
        0.84940668   -2.46093750E-01
        0.88041863   -2.24736361E-01
        0.91143057   -1.64182013E-01
        0.94244252   -7.44792527E-02
        0.97345447    2.92520377E-02
        1.00446642    1.29072026E-01
        1.03547837    2.07004886E-01
        1.06649032    2.48016196E-01
        1.09750226    2.42788916E-01
        1.12851421    1.89878309E-01
        1.15952616    9.68390644E-02
        1.19053811   -2.00244798E-02
        1.22155006   -1.37525122E-01
        1.25256201   -2.29149229E-01
        1.28357395   -2.70142841E-01
        1.31458590   -2.43662746E-01
        1.34559785   -1.47144139E-01
        1.37660980    2.43300004E-03
        1.40762175    1.66258867E-01
        1.43863370    2.86931891E-01
        1.46964564    3.00529796E-01
        1.50065759    1.61704981E-01
        1.53166954   -1.13002901E-01
        1.56268149   -3.77315752E-01
        1.59369344   -2.55243329E-01
        1.62470538    1.00000000E+00
