        0.07410797    1.00000000E+00
        0.10511992    3.15055189E-01
        0.13613187   -1.07736068E-01
        0.16714382   -3.32168397E-01
        0.19815577   -4.11977069E-01
        0.22916771   -3.91796000E-01
        0.26017966   -3.08073181E-01
        0.29119161   -1.89943522E-01
        0.32220356   -6.00591196E-02
        0.35321551    6.46230454E-02
        0.38422745    1.72096000E-01
        0.41523940    2.54600241E-01
        0.44625135    3.07963777E-01
        0.47726330    3.30984750E-01
        0.50827525    3.24856631E-01
        0.53928720    2.92636000E-01
        0.57029914    2.38752895E-01
        0.60131109    1.68563748E-01
        0.63232304    8.79468913E-02
        0.66333499    2.94064922E-03
        0.69434694   -8.05760000E-02
        0.72535889   -1.57160179E-01
        0.75637083   -2.22039290E-01
        0.78738278   -2.71302615E-01
        0.81839473   -3.02050341E-01
        0.84940668   -3.12500000E-01
        0.88041863   -3.02050341E-01
        0.91143057   -2.71302615E-01
        0.94244252   -2.22039290E-01
        0.97345447   -1.57160179E-01
        1.00446642   -8.05760000E-02
        1.03547837    2.94064922E-03
        1.06649032    8.79468913E-02
        1.09750226    1.68563748E-01
        1.12851421    2.38752895E-01
        1.15952616    2.92636000E-01
        1.19053811    3.24856631E-01
        1.22155006    3.30984750E-01
        1.25256201    3.07963777E-01
        1.28357395    2.54600241E-01
        1.31458590    1.72096000E-01
        1.34559785    6.46230454E-02
        1.37660980   -6.00591196E-02
        1.40762175   -1.89943522E-01
        1.43863370   -3.08073181E-01
        1.46964564   -3.91796000E-01
        1.50065759   -4.11977069E-01
        1.53166954   -3.32168397E-01
        1.56268149   -1.07736068E-01
        1.59369344    3.15055189E-01
        1.62470538    1.00000000E+00
