   -3.13560146E+00    8.40654369E-05
   -3.10774146E+00    1.03349126E-04
   -3.07988147E+00    1.25695561E-04
   -3.05202147E+00    1.63890331E-04
   -3.02416147E+00    2.14503618E-04
   -2.99630147E+00    2.85190121E-04
   -2.96844147E+00    3.85159771E-04
   -2.94058148E+00    5.41190636E-04
   -2.91272148E+00    7.72163396E-04
   -2.88486148E+00    1.12566765E-03
   -2.85700148E+00    1.63943541E-03
   -2.82914148E+00    2.32612342E-03
   -2.80128148E+00    3.23615960E-03
   -2.77342149E+00    4.36110295E-03
   -2.74556149E+00    5.72162901E-03
   -2.71770149E+00    7.37316755E-03
   -2.68984149E+00    9.31583258E-03
   -2.66198149E+00    1.16507430E-02
   -2.63412150E+00    1.43609625E-02
   -2.60626150E+00    1.75502582E-02
   -2.57840150E+00    2.12143925E-02
   -2.55054150E+00    2.52391056E-02
   -2.52268150E+00    2.94677999E-02
   -2.49482151E+00    3.36866648E-02
   -2.46696151E+00    3.77316498E-02
   -2.43910151E+00    4.14961717E-02
   -2.41124151E+00    4.50631412E-02
   -2.38338151E+00    4.83949083E-02
   -2.35552152E+00    5.14252645E-02
   -2.32766152E+00    5.39686900E-02
   -2.29980152E+00    5.56059304E-02
   -2.27194152E+00    5.61610398E-02
   -2.24408152E+00    5.53401553E-02
   -2.21622153E+00    5.30834743E-02
   -2.18836153E+00    4.97944306E-02
   -2.16050153E+00    4.55595450E-02
   -2.13264153E+00    4.07810707E-02
   -2.10478153E+00    3.58071049E-02
   -2.07692154E+00    3.07126702E-02
   -2.04906154E+00    2.57544985E-02
   -2.02120154E+00    2.10753512E-02
   -1.99334154E+00    1.68250950E-02
   -1.96548154E+00    1.31373650E-02
   -1.93762155E+00    1.00050375E-02
   -1.90976155E+00    7.35789407E-03
   -1.88190155E+00    5.22350547E-03
   -1.85404155E+00    3.61156554E-03
   -1.82618155E+00    2.33556184E-03
   -1.79832156E+00    1.45556117E-03
   -1.77046156E+00    8.52480400E-04
   -1.74260156E+00    4.96584865E-04
