   -3.22152432E+00    8.52205102E-05
   -3.17598580E+00    1.02171366E-04
   -3.13044728E+00    1.24945584E-04
   -3.08490876E+00    1.53582396E-04
   -3.03937024E+00    1.99251997E-04
   -2.99383172E+00    2.52692533E-04
   -2.94829321E+00    3.16744300E-04
   -2.90275469E+00    3.97606288E-04
   -2.85721617E+00    5.00604496E-04
   -2.81167765E+00    6.13360415E-04
   -2.76613913E+00    7.20916044E-04
   -2.72060062E+00    7.94829767E-04
   -2.67506210E+00    8.61634505E-04
   -2.62952358E+00    9.37736010E-04
   -2.58398506E+00    1.07865816E-03
   -2.53844654E+00    1.33091394E-03
   -2.49290802E+00    1.72346851E-03
   -2.44736951E+00    2.31392334E-03
   -2.40183099E+00    3.18765768E-03
   -2.35629247E+00    4.37012154E-03
   -2.31075395E+00    5.92539289E-03
   -2.26521543E+00    7.92433500E-03
   -2.21967692E+00    1.04080092E-02
   -2.17413840E+00    1.34327100E-02
   -2.12859988E+00    1.69424616E-02
   -2.08306136E+00    2.08299853E-02
   -2.03752284E+00    2.50657421E-02
   -1.99198433E+00    2.94789120E-02
   -1.94644581E+00    3.40592783E-02
   -1.90090729E+00    3.87903609E-02
   -1.85536877E+00    4.35646399E-02
   -1.80983025E+00    4.83459903E-02
   -1.76429173E+00    5.29401547E-02
   -1.71875322E+00    5.69636757E-02
   -1.67321470E+00    6.00839805E-02
   -1.62767618E+00    6.19076479E-02
   -1.58213766E+00    6.21080780E-02
   -1.53659914E+00    6.06825461E-02
   -1.49106063E+00    5.76288968E-02
   -1.44552211E+00    5.30631130E-02
   -1.39998359E+00    4.74165643E-02
   -1.35444507E+00    4.10742126E-02
   -1.30890655E+00    3.44353370E-02
   -1.26336804E+00    2.79153902E-02
   -1.21782952E+00    2.17959705E-02
   -1.17229100E+00    1.63278447E-02
   -1.12675248E+00    1.17962883E-02
   -1.08121396E+00    8.13216952E-03
   -1.03567544E+00    5.39201524E-03
   -9.90136926E-01    3.42617862E-03
   -9.44598408E-01    2.07607949E-03
