   -7.54583582E-01    6.46299870E-05
   -7.26633771E-01    5.96609976E-05
   -6.98683960E-01    4.69310032E-05
   -6.70734149E-01    3.30006871E-05
   -6.42784338E-01    2.72511587E-05
   -6.14834526E-01    3.68768039E-05
   -5.86884715E-01    6.92198062E-05
   -5.58934904E-01    1.30884061E-04
   -5.30985093E-01    2.23678152E-04
   -5.03035282E-01    3.45436948E-04
   -4.75085471E-01    4.80874044E-04
   -4.47135659E-01    6.47747580E-04
   -4.19185848E-01    8.51922881E-04
   -3.91236037E-01    1.15754192E-03
   -3.63286226E-01    1.63927692E-03
   -3.35336415E-01    2.35612487E-03
   -3.07386604E-01    3.33180655E-03
   -2.79436792E-01    4.60867913E-03
   -2.51486981E-01    6.22702622E-03
   -2.23537170E-01    8.19640698E-03
   -1.95587359E-01    1.07004404E-02
   -1.67637548E-01    1.38541952E-02
   -1.39687736E-01    1.76333607E-02
   -1.11737925E-01    2.19683040E-02
   -8.37881141E-02    2.65858918E-02
   -5.58383030E-02    3.13246328E-02
   -2.78884918E-02    3.61415550E-02
    6.13193664E-05    4.10781848E-02
    2.80111305E-02    4.60218197E-02
    5.59609417E-02    5.07834055E-02
    8.39107529E-02    5.51056140E-02
    1.11860564E-01    5.86110787E-02
    1.39810375E-01    6.10618335E-02
    1.67760186E-01    6.19961442E-02
    1.95709998E-01    6.13268180E-02
    2.23659809E-01    5.91474102E-02
    2.51609620E-01    5.54323346E-02
    2.79559431E-01    5.05032360E-02
    3.07509242E-01    4.46925817E-02
    3.35459053E-01    3.82106386E-02
    3.63408865E-01    3.16196276E-02
    3.91358676E-01    2.54055441E-02
    4.19308487E-01    1.98081480E-02
    4.47258298E-01    1.49546618E-02
    4.75208109E-01    1.11010447E-02
    5.03157920E-01    8.13520060E-03
    5.31107732E-01    5.87848294E-03
    5.59057543E-01    4.21800029E-03
    5.87007354E-01    2.93303155E-03
    6.14957165E-01    1.97610117E-03
    6.42906976E-01    1.25570130E-03
