    7.41079722E-02    4.54545455E-03    3.97631245E-03    5.69142093E-04
    1.05119920E-01    4.54545455E-03    1.11518382E-02   -6.60638368E-03
    1.36131869E-01    2.57575758E-02    2.35031403E-02    2.25443543E-03
    1.67143817E-01    5.30303030E-02    3.89503668E-02    1.40799362E-02
    1.98155765E-01    7.57575758E-02    5.29679149E-02    2.27896609E-02
    2.29167713E-01    5.60606061E-02    6.14739411E-02   -5.41333502E-03
    2.60179662E-01    8.33333333E-02    6.30950463E-02    2.02382871E-02
    2.91191610E-01    8.63636364E-02    5.91125671E-02    2.72510693E-02
    3.22203558E-01    4.39393939E-02    5.19737682E-02   -8.03437424E-03
    3.53215506E-01    1.81818182E-02    4.39197848E-02   -2.57379666E-02
    3.84227455E-01    1.96969697E-02    3.63942664E-02   -1.66972967E-02
    4.15239403E-01    2.57575758E-02    3.00666574E-02   -4.30908164E-03
    4.46251351E-01    9.09090909E-03    2.50931681E-02   -1.60022591E-02
    4.77263299E-01    7.57575758E-03    2.13720144E-02   -1.37962568E-02
    5.08275248E-01    7.57575758E-03    1.87123789E-02   -1.11366214E-02
    5.39287196E-01    4.54545455E-03    1.69224238E-02   -1.23769692E-02
    5.70299144E-01    1.06060606E-02    1.58450332E-02   -5.23897263E-03
    6.01311092E-01    1.36363636E-02    1.53661037E-02   -1.72974005E-03
    6.32323041E-01    2.12121212E-02    1.54104706E-02    5.80165066E-03
    6.63334989E-01    2.87878788E-02    1.59327110E-02    1.28551678E-02
    6.94346937E-01    3.48484848E-02    1.69052682E-02    1.79432166E-02
    7.25358885E-01    2.87878788E-02    1.83039283E-02    1.04839505E-02
    7.56370834E-01    2.42424242E-02    2.00899727E-02    4.15245152E-03
    7.87382782E-01    4.69696970E-02    2.21891242E-02    2.47805727E-02
    8.18394730E-01    3.03030303E-02    2.44697536E-02    5.83327673E-03
    8.49406678E-01    3.63636364E-02    2.67265070E-02    9.63712935E-03
    8.80418627E-01    2.12121212E-02    2.86792770E-02   -7.46715576E-03
    9.11430575E-01    3.18181818E-02    2.99984884E-02    1.81969342E-03
    9.42442523E-01    2.27272727E-02    3.03624285E-02   -7.63515575E-03
    9.73454471E-01    2.42424242E-02    2.95391197E-02   -5.29669541E-03
    1.00446642E+00    1.21212121E-02    2.74679084E-02   -1.53466962E-02
    1.03547837E+00    1.21212121E-02    2.43049929E-02   -1.21837808E-02
    1.06649032E+00    1.06060606E-02    2.04041284E-02   -9.79806776E-03
    1.09750226E+00    1.21212121E-02    1.62308177E-02   -4.10960556E-03
    1.12851421E+00    1.06060606E-02    1.22417082E-02   -1.63564763E-03
    1.15952616E+00    6.06060606E-03    8.77860450E-03   -2.71799844E-03
    1.19053811E+00    4.54545455E-03    6.01592049E-03   -1.47046595E-03
    1.22155006E+00    6.06060606E-03    3.96984199E-03    2.09076407E-03
    1.25256201E+00    3.03030303E-03    2.54864359E-03    4.81659443E-04
    1.28357395E+00    4.54545455E-03    1.61297664E-03    2.93247790E-03
    1.31458590E+00    4.54545455E-03    1.02277681E-03    3.52267774E-03
    1.34559785E+00    3.03030303E-03    6.62591919E-04    2.36771111E-03
    1.37660980E+00    0.00000000E+00    4.48792177E-04   -4.48792177E-04
    1.40762175E+00    3.03030303E-03    3.26502806E-04    2.70380022E-03
    1.43863370E+00    3.03030303E-03    2.63241072E-04    2.76706196E-03
    1.46964564E+00    0.00000000E+00    2.43863576E-04   -2.43863576E-04
    1.50065759E+00    0.00000000E+00    2.70651002E-04   -2.70651002E-04
    1.53166954E+00    0.00000000E+00    3.77703006E-04   -3.77703006E-04
    1.56268149E+00    0.00000000E+00    7.01132369E-04   -7.01132369E-04
    1.59369344E+00    1.51515152E-03    1.84898827E-03   -3.33836756E-04
    1.62470538E+00    1.51515152E-03    7.48519068E-03   -5.97003916E-03
