        0.07410797   -1.00000000E+00
        0.10511992   -4.79619994E-01
        0.13613187   -1.01746995E-01
        0.16714382    1.56991155E-01
        0.19815577    3.17740954E-01
        0.22916771    3.99520000E-01
        0.26017966    4.19313766E-01
        0.29119161    3.92172365E-01
        0.32220356    3.31307315E-01
        0.35321551    2.48188314E-01
        0.38422745    1.52640000E-01
        0.41523940    5.29387264E-02
        0.44625135   -4.40906752E-02
        0.47726330   -1.32978125E-01
        0.50827525   -2.09511526E-01
        0.53928720   -2.70640000E-01
        0.57029914   -3.14377114E-01
        0.60131109   -3.39704115E-01
        0.63232304   -3.46473165E-01
        0.66333499   -3.35310566E-01
        0.69434694   -3.07520000E-01
        0.72535889   -2.64985754E-01
        0.75637083   -2.10075955E-01
        0.78738278   -1.45545805E-01
        0.81839473   -7.44408064E-02
        0.84940668    0.00000000E+00
        0.88041863    7.44408064E-02
        0.91143057    1.45545805E-01
        0.94244252    2.10075955E-01
        0.97345447    2.64985754E-01
        1.00446642    3.07520000E-01
        1.03547837    3.35310566E-01
        1.06649032    3.46473165E-01
        1.09750226    3.39704115E-01
        1.12851421    3.14377114E-01
        1.15952616    2.70640000E-01
        1.19053811    2.09511526E-01
        1.22155006    1.32978125E-01
        1.25256201    4.40906752E-02
        1.28357395   -5.29387264E-02
        1.31458590   -1.52640000E-01
        1.34559785   -2.48188314E-01
        1.37660980   -3.31307315E-01
        1.40762175   -3.92172365E-01
        1.43863370   -4.19313766E-01
        1.46964564   -3.99520000E-01
        1.50065759   -3.17740954E-01
        1.53166954   -1.56991155E-01
        1.56268149    1.01746995E-01
        1.59369344    4.79619994E-01
        1.62470538    1.00000000E+00
