   -1.27140557E+00    1.97054317E-04
   -1.23597293E+00    2.63911245E-04
   -1.20054028E+00    3.25265521E-04
   -1.16510763E+00    3.78110876E-04
   -1.12967499E+00    4.31764688E-04
   -1.09424234E+00    4.98117817E-04
   -1.05880969E+00    5.80410611E-04
   -1.02337705E+00    7.00171796E-04
   -9.87944402E-01    8.70830322E-04
   -9.52511756E-01    1.13596729E-03
   -9.17079110E-01    1.53914233E-03
   -8.81646463E-01    2.10287332E-03
   -8.46213817E-01    2.85712290E-03
   -8.10781171E-01    3.80087704E-03
   -7.75348525E-01    4.96053954E-03
   -7.39915878E-01    6.36810217E-03
   -7.04483232E-01    8.09085347E-03
   -6.69050586E-01    1.02784669E-02
   -6.33617940E-01    1.30905765E-02
   -5.98185293E-01    1.65970783E-02
   -5.62752647E-01    2.08550952E-02
   -5.27320001E-01    2.57613787E-02
   -4.91887355E-01    3.11076657E-02
   -4.56454708E-01    3.66775543E-02
   -4.21022062E-01    4.22516498E-02
   -3.85589416E-01    4.74160002E-02
   -3.50156770E-01    5.18904654E-02
   -3.14724123E-01    5.53749876E-02
   -2.79291477E-01    5.77128573E-02
   -2.43858831E-01    5.88067102E-02
   -2.08426185E-01    5.86402734E-02
   -1.72993538E-01    5.73209378E-02
   -1.37560892E-01    5.50050426E-02
   -1.02128246E-01    5.16536527E-02
   -6.66955997E-02    4.75558498E-02
   -3.12629535E-02    4.28812263E-02
    4.16969279E-03    3.78311513E-02
    3.96023390E-02    3.25514456E-02
    7.50349853E-02    2.73730517E-02
    1.10467632E-01    2.24693565E-02
    1.45900278E-01    1.79294185E-02
    1.81332924E-01    1.38680657E-02
    2.16765570E-01    1.03822415E-02
    2.52198217E-01    7.44369660E-03
    2.87630863E-01    5.16318270E-03
    3.23063509E-01    3.44449770E-03
    3.58496155E-01    2.24123051E-03
    3.93928801E-01    1.43624812E-03
    4.29361448E-01    9.21708045E-04
    4.64794094E-01    5.85475945E-04
    5.00226740E-01    3.80645570E-04
