    6.59465753E-01    2.26650182E-04
    6.96862358E-01    3.12872038E-04
    7.34258963E-01    4.09849230E-04
    7.71655569E-01    5.28335888E-04
    8.09052174E-01    6.83923241E-04
    8.46448779E-01    9.24862878E-04
    8.83845385E-01    1.29952891E-03
    9.21241990E-01    1.86527427E-03
    9.58638595E-01    2.66027448E-03
    9.96035201E-01    3.71363923E-03
    1.03343181E+00    5.04215425E-03
    1.07082841E+00    6.62744139E-03
    1.10822502E+00    8.45402477E-03
    1.14562162E+00    1.05496277E-02
    1.18301823E+00    1.29577418E-02
    1.22041483E+00    1.57590169E-02
    1.25781144E+00    1.89274974E-02
    1.29520804E+00    2.25885578E-02
    1.33260465E+00    2.66026636E-02
    1.37000125E+00    3.08753323E-02
    1.40739786E+00    3.52086754E-02
    1.44479447E+00    3.94747681E-02
    1.48219107E+00    4.34219390E-02
    1.51958768E+00    4.69654820E-02
    1.55698428E+00    4.99867164E-02
    1.59438089E+00    5.24136793E-02
    1.63177749E+00    5.40854874E-02
    1.66917410E+00    5.48187509E-02
    1.70657070E+00    5.44972745E-02
    1.74396731E+00    5.30549997E-02
    1.78136391E+00    5.03401674E-02
    1.81876052E+00    4.67390875E-02
    1.85615712E+00    4.23553804E-02
    1.89355373E+00    3.74990331E-02
    1.93095033E+00    3.23556529E-02
    1.96834694E+00    2.73646311E-02
    2.00574355E+00    2.26756944E-02
    2.04314015E+00    1.85346337E-02
    2.08053676E+00    1.49588770E-02
    2.11793336E+00    1.20618102E-02
    2.15532997E+00    9.75242900E-03
    2.19272657E+00    7.83792526E-03
    2.23012318E+00    6.20604492E-03
    2.26751978E+00    4.78312472E-03
    2.30491639E+00    3.61109556E-03
    2.34231299E+00    2.60503711E-03
    2.37970960E+00    1.85449629E-03
    2.41710620E+00    1.32450095E-03
    2.45450281E+00    9.73543606E-04
    2.49189941E+00    7.13582566E-04
    2.52929602E+00    5.16211372E-04
