    1.99150708E-01    4.03721816E-04
    2.38387538E-01    5.74655801E-04
    2.77624367E-01    7.83187627E-04
    3.16861197E-01    1.05079026E-03
    3.56098026E-01    1.44244648E-03
    3.95334856E-01    2.02013931E-03
    4.34571686E-01    2.85068947E-03
    4.73808515E-01    4.01630125E-03
    5.13045345E-01    5.55132769E-03
    5.52282174E-01    7.48914523E-03
    5.91519004E-01    9.84726126E-03
    6.30755834E-01    1.25455718E-02
    6.69992663E-01    1.55626371E-02
    7.09229493E-01    1.88762320E-02
    7.48466322E-01    2.25248137E-02
    7.87703152E-01    2.65321962E-02
    8.26939982E-01    3.08633721E-02
    8.66176811E-01    3.53545805E-02
    9.05413641E-01    3.98223042E-02
    9.44650471E-01    4.39888887E-02
    9.83887300E-01    4.76170363E-02
    1.02312413E+00    5.05154198E-02
    1.06236096E+00    5.25115676E-02
    1.10159779E+00    5.34937950E-02
    1.14083462E+00    5.35864073E-02
    1.18007145E+00    5.27437179E-02
    1.21930828E+00    5.09903123E-02
    1.25854511E+00    4.83830929E-02
    1.29778194E+00    4.51118637E-02
    1.33701877E+00    4.13705783E-02
    1.37625560E+00    3.73815360E-02
    1.41549243E+00    3.33715231E-02
    1.45472926E+00    2.94536432E-02
    1.49396609E+00    2.56206093E-02
    1.53320291E+00    2.18834561E-02
    1.57243974E+00    1.81965757E-02
    1.61167657E+00    1.47062057E-02
    1.65091340E+00    1.14760900E-02
    1.69015023E+00    8.62953187E-03
    1.72938706E+00    6.29840073E-03
    1.76862389E+00    4.46488530E-03
    1.80786072E+00    3.12261619E-03
    1.84709755E+00    2.15538786E-03
    1.88633438E+00    1.51469094E-03
    1.92557121E+00    1.06395549E-03
    1.96480804E+00    7.46064886E-04
    2.00404487E+00    5.39301733E-04
    2.04328170E+00    3.80532145E-04
    2.08251853E+00    2.62770500E-04
    2.12175536E+00    1.83269500E-04
    2.16099219E+00    1.24900236E-04
