        0.07410797   -1.00000000E+00
        0.10511992   -7.71840000E-01
        0.13613187   -5.66720000E-01
        0.16714382   -3.83680000E-01
        0.19815577   -2.21760000E-01
        0.22916771   -8.00000000E-02
        0.26017966    4.25600000E-02
        0.29119161    1.46880000E-01
        0.32220356    2.33920000E-01
        0.35321551    3.04640000E-01
        0.38422745    3.60000000E-01
        0.41523940    4.00960000E-01
        0.44625135    4.28480000E-01
        0.47726330    4.43520000E-01
        0.50827525    4.47040000E-01
        0.53928720    4.40000000E-01
        0.57029914    4.23360000E-01
        0.60131109    3.98080000E-01
        0.63232304    3.65120000E-01
        0.66333499    3.25440000E-01
        0.69434694    2.80000000E-01
        0.72535889    2.29760000E-01
        0.75637083    1.75680000E-01
        0.78738278    1.18720000E-01
        0.81839473    5.98400000E-02
        0.84940668    0.00000000E+00
        0.88041863   -5.98400000E-02
        0.91143057   -1.18720000E-01
        0.94244252   -1.75680000E-01
        0.97345447   -2.29760000E-01
        1.00446642   -2.80000000E-01
        1.03547837   -3.25440000E-01
        1.06649032   -3.65120000E-01
        1.09750226   -3.98080000E-01
        1.12851421   -4.23360000E-01
        1.15952616   -4.40000000E-01
        1.19053811   -4.47040000E-01
        1.22155006   -4.43520000E-01
        1.25256201   -4.28480000E-01
        1.28357395   -4.00960000E-01
        1.31458590   -3.60000000E-01
        1.34559785   -3.04640000E-01
        1.37660980   -2.33920000E-01
        1.40762175   -1.46880000E-01
        1.43863370   -4.25600000E-02
        1.46964564    8.00000000E-02
        1.50065759    2.21760000E-01
        1.53166954    3.83680000E-01
        1.56268149    5.66720000E-01
        1.59369344    7.71840000E-01
        1.62470538    1.00000000E+00
