    2.45416525E-01    3.58484106E-04
    2.90682292E-01    5.82813344E-04
    3.35948059E-01    9.20824140E-04
    3.81213826E-01    1.43291336E-03
    4.26479593E-01    2.16919537E-03
    4.71745360E-01    3.24356951E-03
    5.17011127E-01    4.65384675E-03
    5.62276894E-01    6.49404687E-03
    6.07542661E-01    8.81728964E-03
    6.52808428E-01    1.16528240E-02
    6.98074195E-01    1.50089395E-02
    7.43339961E-01    1.88449627E-02
    7.88605728E-01    2.30598317E-02
    8.33871495E-01    2.75839346E-02
    8.79137262E-01    3.24536480E-02
    9.24403029E-01    3.75325878E-02
    9.69668796E-01    4.26708572E-02
    1.01493456E+00    4.76293927E-02
    1.06020033E+00    5.19032333E-02
    1.10546610E+00    5.53292969E-02
    1.15073186E+00    5.74872309E-02
    1.19599763E+00    5.82333469E-02
    1.24126340E+00    5.76158439E-02
    1.28652916E+00    5.57708620E-02
    1.33179493E+00    5.29232905E-02
    1.37706070E+00    4.92939980E-02
    1.42232647E+00    4.50436263E-02
    1.46759223E+00    4.03679657E-02
    1.51285800E+00    3.55443856E-02
    1.55812377E+00    3.06543943E-02
    1.60338953E+00    2.58498643E-02
    1.64865530E+00    2.14619605E-02
    1.69392107E+00    1.74464001E-02
    1.73918683E+00    1.40181282E-02
    1.78445260E+00    1.10971272E-02
    1.82971837E+00    8.70315649E-03
    1.87498413E+00    6.74840524E-03
    1.92024990E+00    5.15307676E-03
    1.96551567E+00    3.92689834E-03
    2.01078144E+00    2.94255975E-03
    2.05604720E+00    2.18275707E-03
    2.10131297E+00    1.60903985E-03
    2.14657874E+00    1.16086138E-03
    2.19184450E+00    8.07291349E-04
    2.23711027E+00    5.44514393E-04
    2.28237604E+00    3.49126743E-04
    2.32764180E+00    2.35709143E-04
    2.37290757E+00    1.61932574E-04
    2.41817334E+00    1.28479066E-04
    2.46343911E+00    1.04729273E-04
    2.50870487E+00    9.05467832E-05
