    1.69509990E+00    2.29891874E-04
    1.72357267E+00    3.39427669E-04
    1.75204545E+00    4.93548543E-04
    1.78051823E+00    7.09375351E-04
    1.80899100E+00    1.01448571E-03
    1.83746378E+00    1.45537947E-03
    1.86593655E+00    2.10657940E-03
    1.89440933E+00    3.00940611E-03
    1.92288211E+00    4.19190841E-03
    1.95135488E+00    5.67747314E-03
    1.97982766E+00    7.44824202E-03
    2.00830043E+00    9.57563951E-03
    2.03677321E+00    1.20506673E-02
    2.06524599E+00    1.49412685E-02
    2.09371876E+00    1.81336718E-02
    2.12219154E+00    2.16359062E-02
    2.15066431E+00    2.53531227E-02
    2.17913709E+00    2.91389112E-02
    2.20760987E+00    3.28761367E-02
    2.23608264E+00    3.64762081E-02
    2.26455542E+00    3.98153766E-02
    2.29302819E+00    4.28281234E-02
    2.32150097E+00    4.54033077E-02
    2.34997375E+00    4.74197895E-02
    2.37844652E+00    4.87767115E-02
    2.40691930E+00    4.95190874E-02
    2.43539207E+00    4.95768822E-02
    2.46386485E+00    4.90861752E-02
    2.49233763E+00    4.77491187E-02
    2.52081040E+00    4.56785081E-02
    2.54928318E+00    4.28939086E-02
    2.57775596E+00    3.94828168E-02
    2.60622873E+00    3.56660401E-02
    2.63470151E+00    3.17950350E-02
    2.66317428E+00    2.79559191E-02
    2.69164706E+00    2.42284122E-02
    2.72011984E+00    2.08478723E-02
    2.74859261E+00    1.76067929E-02
    2.77706539E+00    1.47309130E-02
    2.80553816E+00    1.21035173E-02
    2.83401094E+00    9.73832157E-03
    2.86248372E+00    7.72383862E-03
    2.89095649E+00    6.07485860E-03
    2.91942927E+00    4.69558105E-03
    2.94790204E+00    3.59365664E-03
    2.97637482E+00    2.69575761E-03
    3.00484760E+00    1.97884882E-03
    3.03332037E+00    1.41684937E-03
    3.06179315E+00    9.88767127E-04
    3.09026592E+00    6.58215597E-04
    3.11873870E+00    4.13747798E-04
