    4.42286904E+00    1.67101366E-03
    4.43608870E+00    2.77699945E-03
    4.44930837E+00    4.36478744E-03
    4.46252803E+00    6.57962244E-03
    4.47574770E+00    9.52161003E-03
    4.48896737E+00    1.32275649E-02
    4.50218703E+00    1.76970325E-02
    4.51540670E+00    2.27926069E-02
    4.52862636E+00    2.84478261E-02
    4.54184603E+00    3.44781608E-02
    4.55506569E+00    4.06148794E-02
    4.56828536E+00    4.64949132E-02
    4.58150503E+00    5.16434543E-02
    4.59472469E+00    5.56312101E-02
    4.60794436E+00    5.79853236E-02
    4.62116402E+00    5.87086152E-02
    4.63438369E+00    5.79389120E-02
    4.64760335E+00    5.60971977E-02
    4.66082302E+00    5.34935809E-02
    4.67404268E+00    5.03983848E-02
    4.68726235E+00    4.69901480E-02
    4.70048202E+00    4.31305567E-02
    4.71370168E+00    3.89840828E-02
    4.72692135E+00    3.46165123E-02
    4.74014101E+00    3.00828477E-02
    4.75336068E+00    2.55921536E-02
    4.76658034E+00    2.13245235E-02
    4.77980001E+00    1.74965950E-02
    4.79301968E+00    1.41823541E-02
    4.80623934E+00    1.13767056E-02
    4.81945901E+00    9.02716132E-03
    4.83267867E+00    7.18826878E-03
    4.84589834E+00    5.73618502E-03
    4.85911800E+00    4.59110431E-03
    4.87233767E+00    3.71535919E-03
    4.88555734E+00    3.01122992E-03
    4.89877700E+00    2.39692325E-03
    4.91199667E+00    1.89796340E-03
    4.92521633E+00    1.51665770E-03
    4.93843600E+00    1.23070359E-03
    4.95165566E+00    1.01718492E-03
    4.96487533E+00    8.76538545E-04
    4.97809499E+00    7.53847319E-04
    4.99131466E+00    6.39601791E-04
    5.00453433E+00    5.34097200E-04
    5.01775399E+00    4.36986593E-04
    5.03097366E+00    3.49280211E-04
    5.04419332E+00    2.68548941E-04
    5.05741299E+00    2.04447724E-04
    5.07063265E+00    1.53356465E-04
    5.08385232E+00    1.14379106E-04
