        0.07410797   -1.00000000E+00
        0.10511992    4.05478452E-01
        0.13613187    2.85190273E-02
        0.16714382   -2.89309814E-01
        0.19815577   -2.32695009E-01
        0.22916771    9.97914088E-03
        0.26017966    2.10981361E-01
        0.29119161    2.58133638E-01
        0.32220356    1.59080400E-01
        0.35321551   -1.02417684E-02
        0.38422745   -1.61930834E-01
        0.41523940   -2.34755974E-01
        0.44625135   -2.09825411E-01
        0.47726330   -1.07159886E-01
        0.50827525    2.92587672E-02
        0.53928720    1.50134978E-01
        0.57029914    2.17020941E-01
        0.60131109    2.12254942E-01
        0.63232304    1.41422361E-01
        0.66333499    2.91352322E-02
        0.69434694   -8.96999629E-02
        0.72535889   -1.80326741E-01
        0.75637083   -2.17549674E-01
        0.78738278   -1.91958698E-01
        0.81839473   -1.11750197E-01
        0.84940668    0.00000000E+00
        0.88041863    1.11750197E-01
        0.91143057    1.91958698E-01
        0.94244252    2.17549674E-01
        0.97345447    1.80326741E-01
        1.00446642    8.96999629E-02
        1.03547837   -2.91352322E-02
        1.06649032   -1.41422361E-01
        1.09750226   -2.12254942E-01
        1.12851421   -2.17020941E-01
        1.15952616   -1.50134978E-01
        1.19053811   -2.92587672E-02
        1.22155006    1.07159886E-01
        1.25256201    2.09825411E-01
        1.28357395    2.34755974E-01
        1.31458590    1.61930834E-01
        1.34559785    1.02417684E-02
        1.37660980   -1.59080400E-01
        1.40762175   -2.58133638E-01
        1.43863370   -2.10981361E-01
        1.46964564   -9.97914088E-03
        1.50065759    2.32695009E-01
        1.53166954    2.89309814E-01
        1.56268149   -2.85190273E-02
        1.59369344   -4.05478452E-01
        1.62470538    1.00000000E+00
