        0.07410797   -1.00000000E+00
        0.10511992   -1.50595542E-01
        0.13613187    2.71286478E-01
        0.16714382    4.08294219E-01
        0.19815577    3.70334838E-01
        0.22916771    2.39651200E-01
        0.26017966    7.54114902E-02
        0.29119161   -8.21661182E-02
        0.32220356   -2.08131611E-01
        0.35321551   -2.89541946E-01
        0.38422745   -3.22598400E-01
        0.41523940   -3.10160302E-01
        0.44625135   -2.59613012E-01
        0.47726330   -1.81068013E-01
        0.50827525   -8.58729675E-02
        0.53928720    1.45904000E-02
        0.57029914    1.09842733E-01
        0.60131109    1.90999929E-01
        0.63232304    2.51244615E-01
        0.66333499    2.86098368E-01
        0.69434694    2.93516800E-01
        0.72535889    2.73829671E-01
        0.75637083    2.29548146E-01
        0.78738278    1.65061364E-01
        0.81839473    8.62444308E-02
        0.84940668    0.00000000E+00
        0.88041863   -8.62444308E-02
        0.91143057   -1.65061364E-01
        0.94244252   -2.29548146E-01
        0.97345447   -2.73829671E-01
        1.00446642   -2.93516800E-01
        1.03547837   -2.86098368E-01
        1.06649032   -2.51244615E-01
        1.09750226   -1.90999929E-01
        1.12851421   -1.09842733E-01
        1.15952616   -1.45904000E-02
        1.19053811    8.58729675E-02
        1.22155006    1.81068013E-01
        1.25256201    2.59613012E-01
        1.28357395    3.10160302E-01
        1.31458590    3.22598400E-01
        1.34559785    2.89541946E-01
        1.37660980    2.08131611E-01
        1.40762175    8.21661182E-02
        1.43863370   -7.54114902E-02
        1.46964564   -2.39651200E-01
        1.50065759   -3.70334838E-01
        1.53166954   -4.08294219E-01
        1.56268149   -2.71286478E-01
        1.59369344    1.50595542E-01
        1.62470538    1.00000000E+00
