        0.07410797        0.00109135        0.00087142
        0.10511992        0.00424154        0.00160468
        0.13613187        0.01417087        0.00262190
        0.16714382        0.03495366        0.00386099
        0.19815577        0.06188842        0.00515293
        0.22916771        0.08100295        0.00525991
        0.26017966        0.08269270        0.00459127
        0.29119161        0.07008081        0.00412377
        0.32220356        0.05252417        0.00357814
        0.35321551        0.03693806        0.00286180
        0.38422745        0.02567086        0.00220498
        0.41523940        0.01838655        0.00172941
        0.44625135        0.01399856        0.00142946
        0.47726330        0.01155295        0.00126161
        0.50827525        0.01042709        0.00118858
        0.53928720        0.01028480        0.00118654
        0.57029914        0.01099169        0.00124095
        0.60131109        0.01254336        0.00134169
        0.63232304        0.01499973        0.00148086
        0.66333499        0.01840432        0.00165432
        0.69434694        0.02267514        0.00186480
        0.72535889        0.02748488        0.00211547
        0.75637083        0.03219536        0.00238540
        0.78738278        0.03593600        0.00261042
        0.81839473        0.03786203        0.00271049
        0.84940668        0.03749289        0.00265241
        0.88041863        0.03492738        0.00248125
        0.91143057        0.03078774        0.00227828
        0.94244252        0.02593688        0.00208874
        0.97345447        0.02115836        0.00190598
        1.00446642        0.01696606        0.00171397
        1.03547837        0.01358083        0.00151672
        1.06649032        0.01100991        0.00133373
        1.09750226        0.00914791        0.00118614
        1.12851421        0.00785186        0.00108867
        1.15952616        0.00697986        0.00104636
        1.19053811        0.00640109        0.00105213
        1.22155006        0.00598998        0.00108520
        1.25256201        0.00561793        0.00111342
        1.28357395        0.00515761        0.00110322
        1.31458590        0.00451308        0.00103713
        1.34559785        0.00366940        0.00092516
        1.37660980        0.00272083        0.00079068
        1.40762175        0.00182995        0.00064685
        1.43863370        0.00113288        0.00050133
        1.46964564        0.00067292        0.00037050
        1.50065759        0.00041366        0.00027241
        1.53166954        0.00029726        0.00021738
        1.56268149        0.00030362        0.00022075
        1.59369344        0.00061728        0.00040133
        1.62470538        0.00474126        0.00362257
