        0.07410797    1.00000000E+00
        0.10511992   -3.89601706E-01
        0.13613187    1.05617104E-01
        0.16714382    3.02355302E-01
        0.19815577    9.38788729E-02
        0.22916771   -1.69949320E-01
        0.26017966   -2.59540203E-01
        0.29119161   -1.55795089E-01
        0.32220356    3.53527113E-02
        0.35321551    1.89824320E-01
        0.38422745    2.33261666E-01
        0.41523940    1.60252726E-01
        0.44625135    1.82432434E-02
        0.47726330   -1.24377452E-01
        0.50827525   -2.09306847E-01
        0.53928720   -2.08200320E-01
        0.57029914   -1.27903922E-01
        0.60131109   -2.92486355E-03
        0.63232304    1.19805854E-01
        0.66333499    1.97837414E-01
        0.69434694    2.06511395E-01
        0.72535889    1.45341182E-01
        0.75637083    3.64885689E-02
        0.78738278   -8.34133537E-02
        0.81839473   -1.75228803E-01
        0.84940668   -2.09472656E-01
        0.88041863   -1.75228803E-01
        0.91143057   -8.34133537E-02
        0.94244252    3.64885689E-02
        0.97345447    1.45341182E-01
        1.00446642    2.06511395E-01
        1.03547837    1.97837414E-01
        1.06649032    1.19805854E-01
        1.09750226   -2.92486355E-03
        1.12851421   -1.27903922E-01
        1.15952616   -2.08200320E-01
        1.19053811   -2.09306847E-01
        1.22155006   -1.24377452E-01
        1.25256201    1.82432434E-02
        1.28357395    1.60252726E-01
        1.31458590    2.33261666E-01
        1.34559785    1.89824320E-01
        1.37660980    3.53527113E-02
        1.40762175   -1.55795089E-01
        1.43863370   -2.59540203E-01
        1.46964564   -1.69949320E-01
        1.50065759    9.38788729E-02
        1.53166954    3.02355302E-01
        1.56268149    1.05617104E-01
        1.59369344   -3.89601706E-01
        1.62470538    1.00000000E+00
