        0.07410797    1.00000000E+00
        0.10511992    6.34891200E-01
        0.13613187    3.35219200E-01
        0.16714382    9.46672000E-02
        0.19815577   -9.28128000E-02
        0.22916771   -2.33000000E-01
        0.26017966   -3.31404800E-01
        0.29119161   -3.93268800E-01
        0.32220356   -4.23564800E-01
        0.35321551   -4.26996800E-01
        0.38422745   -4.08000000E-01
        0.41523940   -3.70740800E-01
        0.44625135   -3.19116800E-01
        0.47726330   -2.56756800E-01
        0.50827525   -1.87020800E-01
        0.53928720   -1.13000000E-01
        0.57029914   -3.75168000E-02
        0.60131109    3.68752000E-02
        0.63232304    1.07891200E-01
        0.66333499    1.73515200E-01
        0.69434694    2.32000000E-01
        0.72535889    2.81867200E-01
        0.75637083    3.21907200E-01
        0.78738278    3.51179200E-01
        0.81839473    3.69011200E-01
        0.84940668    3.75000000E-01
        0.88041863    3.69011200E-01
        0.91143057    3.51179200E-01
        0.94244252    3.21907200E-01
        0.97345447    2.81867200E-01
        1.00446642    2.32000000E-01
        1.03547837    1.73515200E-01
        1.06649032    1.07891200E-01
        1.09750226    3.68752000E-02
        1.12851421   -3.75168000E-02
        1.15952616   -1.13000000E-01
        1.19053811   -1.87020800E-01
        1.22155006   -2.56756800E-01
        1.25256201   -3.19116800E-01
        1.28357395   -3.70740800E-01
        1.31458590   -4.08000000E-01
        1.34559785   -4.26996800E-01
        1.37660980   -4.23564800E-01
        1.40762175   -3.93268800E-01
        1.43863370   -3.31404800E-01
        1.46964564   -2.33000000E-01
        1.50065759   -9.28128000E-02
        1.53166954    9.46672000E-02
        1.56268149    3.35219200E-01
        1.59369344    6.34891200E-01
        1.62470538    1.00000000E+00
