    1.96723324E-01    1.29909008E-04
    2.24689576E-01    2.49483281E-04
    2.52655829E-01    4.73890685E-04
    2.80622081E-01    8.84741362E-04
    3.08588334E-01    1.52219988E-03
    3.36554586E-01    2.40620594E-03
    3.64520838E-01    3.51725530E-03
    3.92487091E-01    4.81445845E-03
    4.20453343E-01    6.27310543E-03
    4.48419596E-01    7.91559223E-03
    4.76385848E-01    9.76321636E-03
    5.04352101E-01    1.18590369E-02
    5.32318353E-01    1.42788609E-02
    5.60284605E-01    1.71472873E-02
    5.88250858E-01    2.03919116E-02
    6.16217110E-01    2.39589946E-02
    6.44183363E-01    2.76706838E-02
    6.72149615E-01    3.14723195E-02
    7.00115868E-01    3.52599726E-02
    7.28082120E-01    3.89408895E-02
    7.56048372E-01    4.25073480E-02
    7.84014625E-01    4.58009427E-02
    8.11980877E-01    4.85200147E-02
    8.39947130E-01    5.05386981E-02
    8.67913382E-01    5.15957007E-02
    8.95879635E-01    5.15819170E-02
    9.23845887E-01    5.05454769E-02
    9.51812139E-01    4.87172837E-02
    9.79778392E-01    4.61103782E-02
    1.00774464E+00    4.28524729E-02
    1.03571090E+00    3.92159908E-02
    1.06367715E+00    3.54610293E-02
    1.09164340E+00    3.17164192E-02
    1.11960965E+00    2.79499269E-02
    1.14757591E+00    2.42638064E-02
    1.17554216E+00    2.07581494E-02
    1.20350841E+00    1.74058764E-02
    1.23147466E+00    1.43812784E-02
    1.25944092E+00    1.16816761E-02
    1.28740717E+00    9.36193697E-03
    1.31537342E+00    7.43613447E-03
    1.34333967E+00    5.84595478E-03
    1.37130593E+00    4.57686715E-03
    1.39927218E+00    3.49244208E-03
    1.42723843E+00    2.67409698E-03
    1.45520468E+00    1.98986203E-03
    1.48317094E+00    1.49122458E-03
    1.51113719E+00    1.07522967E-03
    1.53910344E+00    7.36908274E-04
    1.56706969E+00    4.88437367E-04
    1.59503595E+00    2.96505057E-04
