    4.44786944E+00    5.53333677E-04
    4.46054399E+00    9.77058875E-04
    4.47321854E+00    1.66334055E-03
    4.48589308E+00    2.70914555E-03
    4.49856763E+00    4.25107726E-03
    4.51124218E+00    6.29125491E-03
    4.52391672E+00    8.86805141E-03
    4.53659127E+00    1.19016982E-02
    4.54926581E+00    1.52942845E-02
    4.56194036E+00    1.89755358E-02
    4.57461491E+00    2.29467809E-02
    4.58728945E+00    2.72523560E-02
    4.59996400E+00    3.19175241E-02
    4.61263855E+00    3.68402336E-02
    4.62531309E+00    4.18626794E-02
    4.63798764E+00    4.66571539E-02
    4.65066219E+00    5.08302240E-02
    4.66333673E+00    5.39617214E-02
    4.67601128E+00    5.58566168E-02
    4.68868583E+00    5.62260977E-02
    4.70136037E+00    5.52221114E-02
    4.71403492E+00    5.30166913E-02
    4.72670947E+00    4.99818081E-02
    4.73938401E+00    4.64744744E-02
    4.75205856E+00    4.29267676E-02
    4.76473310E+00    3.93136698E-02
    4.77740765E+00    3.57288276E-02
    4.79008220E+00    3.19777446E-02
    4.80275674E+00    2.80760993E-02
    4.81543129E+00    2.40788674E-02
    4.82810584E+00    2.01823111E-02
    4.84078038E+00    1.66690229E-02
    4.85345493E+00    1.36468146E-02
    4.86612948E+00    1.10885829E-02
    4.87880402E+00    8.95963266E-03
    4.89147857E+00    7.12100880E-03
    4.90415312E+00    5.55852083E-03
    4.91682766E+00    4.21802142E-03
    4.92950221E+00    3.10211336E-03
    4.94217676E+00    2.17604149E-03
    4.95485130E+00    1.47631117E-03
    4.96752585E+00    9.64836472E-04
    4.98020039E+00    6.31022278E-04
    4.99287494E+00    4.38742009E-04
    5.00554949E+00    3.17020289E-04
    5.01822403E+00    2.29111534E-04
    5.03089858E+00    1.77730156E-04
    5.04357313E+00    1.38650642E-04
    5.05624767E+00    1.06556889E-04
    5.06892222E+00    8.97964867E-05
    5.08159677E+00    7.49218523E-05
