        0.07410797    1.00000000E+00
        0.10511992    8.82400000E-01
        0.13613187    7.69600000E-01
        0.16714382    6.61600000E-01
        0.19815577    5.58400000E-01
        0.22916771    4.60000000E-01
        0.26017966    3.66400000E-01
        0.29119161    2.77600000E-01
        0.32220356    1.93600000E-01
        0.35321551    1.14400000E-01
        0.38422745    4.00000000E-02
        0.41523940   -2.96000000E-02
        0.44625135   -9.44000000E-02
        0.47726330   -1.54400000E-01
        0.50827525   -2.09600000E-01
        0.53928720   -2.60000000E-01
        0.57029914   -3.05600000E-01
        0.60131109   -3.46400000E-01
        0.63232304   -3.82400000E-01
        0.66333499   -4.13600000E-01
        0.69434694   -4.40000000E-01
        0.72535889   -4.61600000E-01
        0.75637083   -4.78400000E-01
        0.78738278   -4.90400000E-01
        0.81839473   -4.97600000E-01
        0.84940668   -5.00000000E-01
        0.88041863   -4.97600000E-01
        0.91143057   -4.90400000E-01
        0.94244252   -4.78400000E-01
        0.97345447   -4.61600000E-01
        1.00446642   -4.40000000E-01
        1.03547837   -4.13600000E-01
        1.06649032   -3.82400000E-01
        1.09750226   -3.46400000E-01
        1.12851421   -3.05600000E-01
        1.15952616   -2.60000000E-01
        1.19053811   -2.09600000E-01
        1.22155006   -1.54400000E-01
        1.25256201   -9.44000000E-02
        1.28357395   -2.96000000E-02
        1.31458590    4.00000000E-02
        1.34559785    1.14400000E-01
        1.37660980    1.93600000E-01
        1.40762175    2.77600000E-01
        1.43863370    3.66400000E-01
        1.46964564    4.60000000E-01
        1.50065759    5.58400000E-01
        1.53166954    6.61600000E-01
        1.56268149    7.69600000E-01
        1.59369344    8.82400000E-01
        1.62470538    1.00000000E+00
