        0.07410797   -1.00000000E+00
        0.10511992    3.38512846E-01
        0.13613187    2.91554376E-01
        0.16714382   -5.90335535E-02
        0.19815577   -2.81423934E-01
        0.22916771   -2.88213433E-01
        0.26017966   -1.43821354E-01
        0.29119161    4.76998423E-02
        0.32220356    1.99881616E-01
        0.35321551    2.65511939E-01
        0.38422745    2.37192745E-01
        0.41523940    1.37116342E-01
        0.44625135    3.09891503E-03
        0.47726330   -1.24685235E-01
        0.50827525   -2.13810579E-01
        0.53928720   -2.45553067E-01
        0.57029914   -2.16714367E-01
        0.60131109   -1.37997489E-01
        0.63232304   -2.99700891E-02
        0.66333499    8.22260664E-02
        0.69434694    1.74315336E-01
        0.72535889    2.27553072E-01
        0.75637083    2.31947641E-01
        0.78738278    1.87667850E-01
        0.81839473    1.04563396E-01
        0.84940668    0.00000000E+00
        0.88041863   -1.04563396E-01
        0.91143057   -1.87667850E-01
        0.94244252   -2.31947641E-01
        0.97345447   -2.27553072E-01
        1.00446642   -1.74315336E-01
        1.03547837   -8.22260664E-02
        1.06649032    2.99700891E-02
        1.09750226    1.37997489E-01
        1.12851421    2.16714367E-01
        1.15952616    2.45553067E-01
        1.19053811    2.13810579E-01
        1.22155006    1.24685235E-01
        1.25256201   -3.09891503E-03
        1.28357395   -1.37116342E-01
        1.31458590   -2.37192745E-01
        1.34559785   -2.65511939E-01
        1.37660980   -1.99881616E-01
        1.40762175   -4.76998423E-02
        1.43863370    1.43821354E-01
        1.46964564    2.88213433E-01
        1.50065759    2.81423934E-01
        1.53166954    5.90335535E-02
        1.56268149   -2.91554376E-01
        1.59369344   -3.38512846E-01
        1.62470538    1.00000000E+00
