        0.07410797    1.00000000E+00
        0.10511992   -4.60131459E-03
        0.13613187   -3.73700115E-01
        0.16714382   -3.83038113E-01
        0.19815577   -2.22797435E-01
        0.22916771   -1.66553000E-02
        0.26017966    1.62102660E-01
        0.29119161    2.77124841E-01
        0.32220356    3.17919533E-01
        0.35321551    2.90905170E-01
        0.38422745    2.12339200E-01
        0.41523940    1.02893106E-01
        0.44625135   -1.63456185E-02
        0.47726330   -1.26650445E-01
        0.50827525   -2.13404354E-01
        0.53928720   -2.66999300E-01
        0.57029914   -2.83052628E-01
        0.60131109   -2.62093236E-01
        0.63232304   -2.08856953E-01
        0.66333499   -1.31317333E-01
        0.69434694   -3.95648000E-02
        0.72535889    5.53662554E-02
        0.75637083    1.42636046E-01
        0.78738278    2.12630584E-01
        0.81839473    2.57825716E-01
        0.84940668    2.73437500E-01
        0.88041863    2.57825716E-01
        0.91143057    2.12630584E-01
        0.94244252    1.42636046E-01
        0.97345447    5.53662554E-02
        1.00446642   -3.95648000E-02
        1.03547837   -1.31317333E-01
        1.06649032   -2.08856953E-01
        1.09750226   -2.62093236E-01
        1.12851421   -2.83052628E-01
        1.15952616   -2.66999300E-01
        1.19053811   -2.13404354E-01
        1.22155006   -1.26650445E-01
        1.25256201   -1.63456185E-02
        1.28357395    1.02893106E-01
        1.31458590    2.12339200E-01
        1.34559785    2.90905170E-01
        1.37660980    3.17919533E-01
        1.40762175    2.77124841E-01
        1.43863370    1.62102660E-01
        1.46964564   -1.66553000E-02
        1.50065759   -2.22797435E-01
        1.53166954   -3.83038113E-01
        1.56268149   -3.73700115E-01
        1.59369344   -4.60131459E-03
        1.62470538    1.00000000E+00
