   -2.15140722E+00    1.05115691E-04
   -2.10425573E+00    1.53629539E-04
   -2.05710424E+00    2.33460746E-04
   -2.00995275E+00    3.78954011E-04
   -1.96280126E+00    6.15917941E-04
   -1.91564977E+00    1.01209459E-03
   -1.86849828E+00    1.58414731E-03
   -1.82134679E+00    2.40368138E-03
   -1.77419529E+00    3.51188889E-03
   -1.72704380E+00    4.96205047E-03
   -1.67989231E+00    6.75740610E-03
   -1.63274082E+00    8.97144028E-03
   -1.58558933E+00    1.16064708E-02
   -1.53843784E+00    1.47013960E-02
   -1.49128635E+00    1.83443219E-02
   -1.44413486E+00    2.25341102E-02
   -1.39698337E+00    2.71983887E-02
   -1.34983188E+00    3.21774293E-02
   -1.30268039E+00    3.71133534E-02
   -1.25552890E+00    4.16979368E-02
   -1.20837740E+00    4.55473178E-02
   -1.16122591E+00    4.87344507E-02
   -1.11407442E+00    5.12881221E-02
   -1.06692293E+00    5.34550979E-02
   -1.01977144E+00    5.51170159E-02
   -9.72619950E-01    5.61159673E-02
   -9.25468460E-01    5.59169793E-02
   -8.78316969E-01    5.43472629E-02
   -8.31165478E-01    5.14326522E-02
   -7.84013987E-01    4.73504061E-02
   -7.36862496E-01    4.25106698E-02
   -6.89711006E-01    3.72412270E-02
   -6.42559515E-01    3.19267714E-02
   -5.95408024E-01    2.69006947E-02
   -5.48256533E-01    2.22379802E-02
   -5.01105042E-01    1.81808698E-02
   -4.53953551E-01    1.46980961E-02
   -4.06802061E-01    1.18956624E-02
   -3.59650570E-01    9.70711153E-03
   -3.12499079E-01    7.88452773E-03
   -2.65347588E-01    6.22281383E-03
   -2.18196097E-01    4.78330214E-03
   -1.71044607E-01    3.47896261E-03
   -1.23893116E-01    2.39980218E-03
   -7.67416249E-02    1.56148650E-03
   -2.95901341E-02    9.96677115E-04
    1.75613567E-02    6.63144312E-04
    6.47128475E-02    4.65156857E-04
    1.11864338E-01    3.68919362E-04
    1.59015829E-01    2.89622943E-04
    2.06167320E-01    2.18035151E-04
