        0.07410797        0.00397631        0.00115781
        0.10511992        0.01115184        0.00215351
        0.13613187        0.02350314        0.00293626
        0.16714382        0.03895037        0.00321183
        0.19815577        0.05296791        0.00329885
        0.22916771        0.06147394        0.00348577
        0.26017966        0.06309505        0.00353035
        0.29119161        0.05911257        0.00325597
        0.32220356        0.05197377        0.00278258
        0.35321551        0.04391978        0.00230796
        0.38422745        0.03639427        0.00194530
        0.41523940        0.03006666        0.00170443
        0.44625135        0.02509317        0.00154692
        0.47726330        0.02137201        0.00143646
        0.50827525        0.01871238        0.00135368
        0.53928720        0.01692242        0.00129118
        0.57029914        0.01584503        0.00124672
        0.60131109        0.01536610        0.00121963
        0.63232304        0.01541047        0.00120959
        0.66333499        0.01593271        0.00121669
        0.69434694        0.01690527        0.00124199
        0.72535889        0.01830393        0.00128819
        0.75637083        0.02008997        0.00135961
        0.78738278        0.02218912        0.00146059
        0.81839473        0.02446975        0.00159142
        0.84940668        0.02672651        0.00174294
        0.88041863        0.02867928        0.00189346
        0.91143057        0.02999849        0.00201179
        0.94244252        0.03036243        0.00206741
        0.97345447        0.02953912        0.00204452
        1.00446642        0.02746791        0.00195177
        1.03547837        0.02430499        0.00181817
        1.06649032        0.02040413        0.00167279
        1.09750226        0.01623082        0.00152384
        1.12851421        0.01224171        0.00135995
        1.15952616        0.00877860        0.00117112
        1.19053811        0.00601592        0.00096330
        1.22155006        0.00396984        0.00075533
        1.25256201        0.00254864        0.00056750
        1.28357395        0.00161298        0.00041290
        1.31458590        0.00102278        0.00029527
        1.34559785        0.00066259        0.00021141
        1.37660980        0.00044879        0.00015495
        1.40762175        0.00032650        0.00011932
        1.43863370        0.00026324        0.00009953
        1.46964564        0.00024386        0.00009333
        1.50065759        0.00027065        0.00010304
        1.53166954        0.00037770        0.00014275
        1.56268149        0.00070113        0.00027158
        1.59369344        0.00184899        0.00079689
        1.62470538        0.00748519        0.00401256
