        0.07410797   -1.00000000E+00
        0.10511992   -9.60000000E-01
        0.13613187   -9.20000000E-01
        0.16714382   -8.80000000E-01
        0.19815577   -8.40000000E-01
        0.22916771   -8.00000000E-01
        0.26017966   -7.60000000E-01
        0.29119161   -7.20000000E-01
        0.32220356   -6.80000000E-01
        0.35321551   -6.40000000E-01
        0.38422745   -6.00000000E-01
        0.41523940   -5.60000000E-01
        0.44625135   -5.20000000E-01
        0.47726330   -4.80000000E-01
        0.50827525   -4.40000000E-01
        0.53928720   -4.00000000E-01
        0.57029914   -3.60000000E-01
        0.60131109   -3.20000000E-01
        0.63232304   -2.80000000E-01
        0.66333499   -2.40000000E-01
        0.69434694   -2.00000000E-01
        0.72535889   -1.60000000E-01
        0.75637083   -1.20000000E-01
        0.78738278   -8.00000000E-02
        0.81839473   -4.00000000E-02
        0.84940668    0.00000000E+00
        0.88041863    4.00000000E-02
        0.91143057    8.00000000E-02
        0.94244252    1.20000000E-01
        0.97345447    1.60000000E-01
        1.00446642    2.00000000E-01
        1.03547837    2.40000000E-01
        1.06649032    2.80000000E-01
        1.09750226    3.20000000E-01
        1.12851421    3.60000000E-01
        1.15952616    4.00000000E-01
        1.19053811    4.40000000E-01
        1.22155006    4.80000000E-01
        1.25256201    5.20000000E-01
        1.28357395    5.60000000E-01
        1.31458590    6.00000000E-01
        1.34559785    6.40000000E-01
        1.37660980    6.80000000E-01
        1.40762175    7.20000000E-01
        1.43863370    7.60000000E-01
        1.46964564    8.00000000E-01
        1.50065759    8.40000000E-01
        1.53166954    8.80000000E-01
        1.56268149    9.20000000E-01
        1.59369344    9.60000000E-01
        1.62470538    1.00000000E+00
